# Bar presence as function of log(M_star/M_sun) for D < 25 Mpc, with V_max weights
logmstar   weight   bar
9.564   1.000    1
9.373   1.000    1
9.999   1.000    1
9.546   1.000    1
9.299   1.000    1
8.520   2.141    1
8.771   1.000    1
8.986   1.000    1
8.836   1.000    0
8.724   1.585    0
8.521   11.599    0
8.646   2.055    1
9.029   1.000    0
8.784   1.000    1
9.291   1.000    1
8.802   1.000    0
9.121   1.000    1
8.999   1.328    0
8.946   1.000    1
8.688   1.428    1
8.902   1.000    0
8.792   1.000    0
8.811   1.000    0
9.214   1.016    1
9.134   1.279    1
9.201   1.000    1
9.388   1.000    0
8.891   1.000    0
9.067   1.000    1
8.645   2.595    1
9.098   1.000    1
9.150   1.000    1
9.575   1.000    1
8.631   1.000    1
8.617   1.000    0
9.148   1.000    1
9.129   1.000    0
9.113   1.000    0
9.094   1.000    0
9.260   1.000    1
9.024   1.000    0
8.892   1.000    0
8.664   1.250    1
9.219   1.000    1
9.023   1.000    1
8.530   1.000    1
8.959   1.000    0
9.159   1.000    1
8.629   2.885    0
9.789   1.000    1
9.151   1.000    1
8.849   1.564    1
9.307   1.000    1
10.614   1.000    0
9.679   1.000    1
9.410   1.953    1
9.630   1.000    1
9.913   1.000    1
9.035   2.083    1
9.077   1.000    0
9.120   1.000    0
9.408   1.000    1
9.347   1.000    0
9.588   1.000    1
10.149   1.000    1
9.959   1.000    1
8.731   1.341    0
9.658   1.000    0
9.606   1.000    1
10.578   1.000    1
10.093   1.000    0
9.197   1.000    0
10.062   1.000    0
10.087   1.000    0
8.503   5.023    1
8.587   2.331    0
9.290   1.000    1
8.910   1.964    0
9.428   1.000    1
9.384   1.762    0
9.396   1.487    0
8.574   1.000    0
9.818   1.000    0
9.194   1.367    1
8.808   1.000    1
9.373   1.241    1
8.935   1.000    1
8.960   4.753    1
10.160   1.000    0
10.300   1.000    1
9.296   1.000    1
10.029   1.000    1
10.250   1.000    0
9.702   1.000    0
9.299   2.090    1
9.819   1.000    0
10.378   1.000    1
10.651   1.000    0
9.404   1.000    0
10.437   1.000    1
9.798   1.000    1
9.844   1.000    0
10.631   1.000    1
9.308   1.000    1
9.327   1.000    0
10.211   1.000    1
9.241   1.000    1
9.721   1.000    1
9.759   1.000    1
9.699   1.000    1
10.321   1.000    1
9.793   1.000    1
10.291   1.000    0
9.493   1.000    1
9.853   1.000    1
10.156   1.000    1
10.283   1.000    1
9.549   1.000    0
10.184   1.000    1
9.505   1.000    0
10.663   1.000    0
10.109   1.000    1
10.441   1.000    1
9.680   1.000    1
10.186   1.000    1
8.994   3.760    1
9.603   1.000    1
9.269   1.000    1
10.861   1.000    0
9.972   1.000    1
10.619   1.000    0
10.228   1.000    1
9.555   1.000    0
9.802   1.000    1
10.429   1.000    1
10.720   1.000    1
10.291   1.000    1
10.764   1.000    1
9.921   1.000    0
10.576   1.000    1
10.561   1.000    1
9.836   1.000    1
9.442   1.000    1
9.464   1.000    0
8.894   1.000    1
9.665   1.125    1
9.277   1.088    1
9.447   1.000    1
10.825   1.000    1
10.610   1.000    0
10.978   1.000    1
10.739   1.000    1
10.115   1.000    1
8.806   1.083    0
10.448   1.000    0
9.164   1.000    0
10.297   1.000    1
10.108   1.000    1
10.402   1.000    1
9.305   1.000    1
9.584   1.000    1
9.625   1.000    1
9.576   1.000    0
10.333   1.000    1
10.182   1.000    0
9.299   1.000    1
10.390   1.000    1
10.584   1.000    1
9.192   1.000    0
9.990   1.000    1
10.181   1.000    1
10.661   1.000    1
9.537   1.000    1
9.684   1.000    1
9.985   1.000    0
10.571   1.000    0
8.740   10.378    1
10.615   1.000    1
9.461   1.000    1
9.137   1.000    0
9.420   1.011    1
9.247   3.567    1
9.443   1.000    0
9.167   1.000    1
10.456   1.000    1
10.413   1.000    0
10.870   1.000    0
10.280   1.000    0
10.665   1.000    1
10.449   1.000    0
10.104   1.000    1
9.273   1.730    0
10.856   1.000    0
10.780   1.000    0
9.356   2.452    0
8.687   1.000    1
8.954   1.529    0
10.898   1.000    1
10.853   1.000    0
10.233   1.000    0
10.425   1.000    0
10.215   1.000    1
10.893   1.000    1
9.606   1.000    1
9.020   2.108    0
10.675   1.000    1
9.079   1.000    0
9.162   1.000    1
9.056   1.607    0
10.375   1.000    0
9.884   1.000    1
10.319   1.000    0
9.730   1.000    1
10.571   1.000    0
9.740   1.000    1
10.157   1.000    1
10.486   1.000    1
9.419   1.000    0
10.259   1.000    1
10.725   1.000    1
9.961   1.000    1
9.892   1.000    1
10.022   1.000    0
9.706   1.000    0
9.232   1.000    0
9.653   1.000    1
9.433   1.000    1
9.944   1.000    1
10.177   1.000    1
10.404   1.000    1
10.127   1.000    1
10.089   1.000    0
9.710   1.000    1
9.600   1.000    0
10.032   1.000    0
10.809   1.000    1
10.163   1.000    0
9.531   1.000    1
10.505   1.000    1
10.919   1.000    0
10.273   1.000    1
10.230   1.000    0
10.181   1.000    1
10.264   1.000    1
10.495   1.000    1
10.477   1.000    1
10.233   1.000    1
10.043   1.000    0
10.288   1.000    0
9.170   2.678    1
9.392   1.000    0
9.477   1.000    1
10.508   1.000    0
9.184   1.000    1
10.476   1.000    1
10.486   1.000    0
9.000   2.417    0
10.716   1.000    0
9.431   1.000    1
9.365   2.677    1
9.386   1.000    0
9.621   1.000    1
10.526   1.000    0
10.246   1.000    1
10.987   1.000    1
10.258   1.000    0
9.313   6.196    1
8.836   4.662    1
10.963   1.000    0
9.587   1.173    0
9.691   1.000    1
10.868   1.000    0
10.418   1.000    0
10.503   1.000    0
8.826   6.533    1
10.359   1.000    1
9.719   1.000    1
8.809   17.209    1
10.554   1.000    1
9.979   1.000    1
10.294   1.000    1
9.764   1.000    1
9.463   1.329    0
10.178   1.000    1
9.775   1.000    1
8.755   1.000    1
10.377   1.000    0
9.076   1.268    1
10.364   1.000    0
9.313   1.000    1
9.801   1.029    1
10.743   1.000    0
8.917   17.148    0
9.294   1.000    1
10.418   1.000    1
9.771   1.000    1
10.201   1.000    0
9.427   1.018    0
10.857   1.000    1
9.198   1.893    0
10.140   1.000    1
10.931   1.000    1
9.553   1.582    1
10.228   1.000    1
9.176   1.720    0
10.321   1.000    0
9.844   1.000    1
8.896   1.000    1
10.440   1.000    1
8.892   2.381    1
10.239   1.000    1
9.858   1.000    0
9.245   1.000    1
9.457   1.000    0
9.745   1.000    1
10.883   1.000    0
9.747   1.000    1
9.929   1.000    1
9.802   1.000    1
9.278   3.074    1
10.718   1.000    1
10.576   1.000    1
9.845   1.000    0
9.080   2.395    0
10.131   1.000    1
10.001   1.000    0
9.839   1.000    1
9.741   1.000    1
10.153   1.000    1
8.934   3.368    0
9.668   1.000    1
9.092   1.710    1
9.448   1.000    1
9.717   1.000    1
9.204   1.000    1
10.695   1.000    1
10.262   1.000    1
9.877   1.000    1
10.696   1.000    1
10.004   1.000    1
9.065   3.665    1
10.734   1.000    0
10.254   1.000    0
9.813   1.000    0
10.095   1.000    0
9.728   1.000    1
9.540   1.021    0
9.571   1.000    1
9.809   1.000    0
9.466   1.000    1
9.071   10.408    1
9.702   1.000    1
9.523   1.000    0
9.738   1.000    0
10.317   1.000    1
10.485   1.000    1
9.235   1.000    1
9.667   1.000    1
10.495   1.000    0
10.479   1.000    1
10.848   1.000    0
9.974   1.000    0
9.836   1.000    1
8.896   2.489    0
10.881   1.000    1
10.062   1.000    1
10.521   1.000    0
9.538   1.076    1
10.095   1.000    1
9.941   1.000    0
10.463   1.000    0
8.978   1.000    0
10.443   1.000    0
10.362   1.000    1
10.069   1.000    1
9.019   1.965    0
10.355   1.000    0
9.326   1.000    1
10.443   1.000    1
8.901   1.686    1
10.946   1.000    0
9.909   1.000    1
10.653   1.000    0
10.778   1.000    0
9.739   1.000    1
9.899   1.000    1
9.938   1.000    1
10.892   1.000    0
10.404   1.000    1
8.747   1.254    0
10.832   1.000    0
10.673   1.000    1
8.722   2.517    0
8.557   6.680    0
10.088   1.000    0
10.614   1.000    0
10.622   1.000    0
9.133   4.170    0
9.006   2.144    1
9.318   1.000    0
9.291   1.043    1
9.719   1.000    1
9.860   1.000    1
10.162   1.000    1
10.567   1.000    1
10.111   2.512    0
9.363   1.591    1
10.775   1.000    1
9.111   1.000    1
10.411   1.000    1
9.740   1.000    0
10.036   1.000    1
10.050   1.000    0
9.854   1.000    1
10.082   1.000    1
10.451   1.000    1
9.620   1.000    1
9.217   2.165    1
10.601   1.000    0
10.117   1.000    1
9.573   1.000    1
10.526   1.000    0
10.172   1.000    1
9.802   1.000    1
10.373   1.000    1
10.014   1.000    1
9.973   1.000    1
10.212   1.000    1
10.445   1.000    1
10.523   1.000    1
10.649   1.000    1
10.238   1.000    0
10.052   1.000    0
9.554   1.000    0
10.830   1.000    0
9.801   1.000    1
10.343   1.000    0
9.674   1.000    1
9.681   1.000    0
9.604   1.000    1
10.766   1.000    0
9.060   1.000    1
9.705   1.000    1
8.695   1.000    1
9.130   1.000    1
9.742   1.000    1
8.715   1.000    0
8.705   1.029    1
9.108   1.000    0
9.582   1.000    0
9.031   1.627    1
9.160   1.000    1
9.327   1.000    1
8.948   1.000    1
9.578   1.000    1
9.079   1.000    0
9.457   1.000    1
8.875   1.356    1
9.230   1.000    0
8.741   3.064    1
9.812   1.000    1
9.637   1.000    1
8.637   1.000    0
9.995   1.000    0
9.199   1.000    0
9.646   1.000    0
9.846   1.000    1
9.504   1.000    0
9.251   1.000    1
9.650   1.000    0
9.003   1.000    0
8.829   3.628    0
8.818   1.000    0
8.684   4.412    0
8.677   1.000    1
9.395   1.000    0
9.485   1.000    0
8.609   1.000    0
8.502   1.000    0
8.811   1.000    1
9.371   1.000    1
8.758   1.107    1
9.559   1.368    0
9.320   1.853    0
8.917   1.000    0
8.924   1.046    1
9.283   1.000    1
8.779   1.000    1
8.960   1.754    0
8.763   1.596    1
9.119   1.000    1
9.096   1.000    1
8.694   1.521    0
9.506   1.000    1
9.202   1.000    1
9.179   1.493    1
9.173   2.477    1
9.024   1.000    1
8.801   1.000    0
9.024   2.242    0
8.597   1.000    0
8.933   1.396    1
8.857   1.000    0
8.562   3.255    0
9.063   1.318    0
9.424   1.000    0
8.945   1.342    0
9.622   1.000    0
9.227   1.000    0
9.027   1.000    1
8.758   2.058    0
8.658   1.361    0
9.038   1.000    1
8.911   1.000    1
8.757   1.572    0
8.937   1.000    0
9.484   1.000    1
8.906   4.263    0
9.633   1.128    1
9.039   2.197    1
8.548   1.000    1
8.508   1.326    1
9.409   1.000    1
9.014   1.000    0
9.635   1.000    1
8.748   1.000    1
9.512   1.000    1
8.572   2.645    0
9.434   1.000    1
8.816   1.630    1
8.686   1.000    1
8.822   7.548    0
8.528   1.000    1
8.992   1.000    1
8.643   2.277    0
8.760   1.010    1
9.500   1.000    1
9.286   1.000    1
9.430   1.000    1
8.755   1.000    1
9.077   1.000    0
9.156   1.000    1
8.841   1.000    1
9.525   1.000    1
9.481   1.000    0
10.152   1.000    1
8.977   2.218    1
8.825   1.000    0
8.584   1.000    1
9.388   1.000    0
9.238   1.000    0
8.843   1.756    1
9.179   1.057    1
9.180   2.688    1
8.841   1.000    1
9.148   1.000    1
9.005   1.000    1
9.314   1.000    1
8.965   1.155    1
8.703   1.000    1
9.390   1.000    1
8.687   1.000    1
8.991   2.879    0
