# Bar presence as function of g-r for D < 25 Mpc and logMstar > 8.5, with B-V and V_max weights
logmstar   gmr   weight   bar
9.029   0.417   1.527    0
9.388   0.398   1.864    0
8.891   0.271   2.123    0
8.617   0.417   2.968    0
8.892   0.293   3.001    0
9.159   0.025   2.467    1
10.614   0.847   1.645    0
9.120   0.186   1.636    0
9.347   0.232   2.261    0
9.588   0.137   1.655    1
10.149   0.330   1.232    1
9.959   0.325   1.217    1
9.658   0.635   1.661    0
10.093   0.406   1.595    0
10.062   0.320   1.297    0
9.290   0.519   2.542    1
8.910   0.299   5.691    0
9.428   0.564   3.237    1
9.384   0.633   6.026    0
9.194   0.269   2.591    1
8.935   0.388   2.909    1
10.029   0.204   1.551    1
10.250   0.405   1.220    0
9.299   0.330   3.453    1
9.819   0.558   1.085    0
10.378   0.437   1.157    1
10.651   0.358   1.002    0
9.404   0.184   1.323    0
10.437   0.533   1.140    1
9.798   0.317   1.576    1
10.631   0.578   1.159    1
9.327   0.429   1.000    0
10.211   0.145   1.115    1
9.241   0.252   1.498    1
9.721   0.371   1.655    1
9.759   0.242   1.194    1
10.321   0.320   1.100    1
9.793   0.378   1.847    1
10.291   0.358   1.000    0
9.493   0.293   1.001    1
9.853   0.274   1.194    1
10.156   0.443   1.549    1
10.283   0.748   1.641    1
10.184   0.336   1.104    1
10.663   0.438   1.000    0
10.109   0.339   1.102    1
10.441   0.582   1.168    1
10.186   0.568   1.234    1
8.994   0.331   8.976    1
9.603   0.327   1.086    1
10.861   0.595   1.000    0
9.972   0.285   1.111    1
10.619   0.392   1.029    0
10.228   0.306   1.071    1
11.240   0.576   1.000    1
9.555   0.082   1.422    0
9.802   0.417   1.613    1
10.429   0.384   1.082    1
10.720   0.470   1.000    1
10.291   0.287   1.101    1
10.764   0.828   1.000    1
10.576   0.476   1.013    1
10.561   0.765   1.169    1
9.836   0.280   1.601    1
9.442   0.224   1.000    1
9.464   0.414   2.428    0
9.665   0.331   1.963    1
9.277   0.398   3.669    1
10.825   0.704   1.028    1
10.610   0.705   1.431    0
10.978   0.498   1.000    1
10.739   0.750   1.141    1
10.115   0.315   1.077    1
8.806   0.563   3.150    0
11.133   0.771   1.000    1
10.448   0.482   1.026    0
10.297   0.619   1.003    1
10.108   0.605   1.577    1
10.402   0.779   1.632    1
9.305   0.251   1.715    1
9.584   0.266   2.054    1
9.625   0.364   1.224    1
10.333   0.641   1.028    1
10.182   0.744   1.336    0
9.299   0.158   1.846    1
10.390   0.108   1.001    1
10.584   0.465   1.000    1
9.192   0.120   1.879    0
9.990   0.473   1.135    1
10.181   0.605   1.599    1
10.661   0.445   1.000    1
9.684   0.262   1.205    1
9.985   0.391   1.254    0
10.571   0.485   1.000    0
8.740   0.376   19.113    1
10.615   0.593   1.000    1
9.461   0.196   1.813    1
9.137   0.200   1.624    0
9.420   0.416   1.407    1
9.247   0.456   4.903    1
9.443   0.216   1.187    0
9.167   0.193   1.381    1
11.122   0.677   1.022    1
10.456   0.684   1.083    1
10.413   0.368   1.164    0
10.870   0.747   1.040    0
10.280   0.501   1.476    0
11.137   0.707   1.000    0
10.665   0.457   1.000    1
10.449   0.524   1.230    0
10.104   0.922   1.678    1
9.273   0.420   1.730    0
10.856   0.588   1.065    0
10.780   0.738   1.000    0
9.356   0.579   2.452    0
8.687   0.186   2.842    1
8.954   0.406   5.567    0
10.898   0.773   1.109    1
10.853   0.682   1.053    0
10.233   0.479   1.757    0
10.425   0.444   1.000    0
10.215   0.648   1.691    1
10.893   0.770   1.159    1
10.675   0.635   1.097    1
9.079   0.201   1.143    0
9.162   0.268   1.196    1
9.056   0.157   2.712    0
10.375   0.671   1.567    0
10.319   0.175   1.110    0
9.730   0.191   1.108    1
10.571   0.387   1.052    0
9.740   0.435   1.000    1
10.486   0.636   1.000    1
9.419   0.211   1.991    0
10.259   0.285   1.029    1
10.725   0.712   1.000    1
10.022   0.220   1.235    0
9.706   0.268   1.151    0
9.653   0.190   1.834    1
10.177   0.342   1.024    1
10.404   0.575   1.167    1
10.089   0.560   1.784    0
9.710   0.149   1.093    1
11.030   0.602   1.000    0
9.600   0.771   1.220    0
10.809   0.523   1.000    1
10.163   0.426   1.005    0
9.531   0.126   1.793    1
10.273   0.574   1.620    1
10.230   0.604   2.225    0
10.181   0.438   1.303    1
10.264   0.397   1.217    1
10.495   0.564   1.085    1
10.477   0.307   1.000    1
10.233   0.547   1.181    1
10.043   0.388   1.741    0
10.288   0.430   1.188    0
10.508   0.378   1.036    0
9.000   0.359   4.596    0
10.716   0.751   1.057    0
9.386   0.384   2.311    0
10.526   0.370   1.036    0
10.246   0.244   1.053    1
10.987   0.580   1.000    1
11.104   0.610   1.000    1
9.587   0.372   2.028    0
10.868   0.448   1.001    0
10.503   0.434   1.180    0
10.359   0.516   1.015    1
9.719   0.569   1.205    1
9.979   0.228   1.337    1
10.294   0.443   1.203    1
10.178   0.279   1.085    1
9.775   0.575   1.096    1
10.377   0.489   1.135    0
9.076   0.280   1.268    1
10.364   0.716   1.335    0
9.313   0.376   1.132    1
9.801   0.766   1.563    1
10.743   0.391   1.000    0
9.294   0.216   2.132    1
10.418   0.729   1.029    1
9.771   0.194   1.186    1
10.201   0.502   1.149    0
9.427   0.229   1.715    0
10.857   0.372   1.000    1
9.198   0.239   5.149    0
10.140   0.732   1.137    1
10.931   0.556   1.000    1
10.228   0.517   1.575    1
10.321   0.839   1.255    0
10.440   0.728   1.173    1
8.892   0.202   2.381    1
9.245   0.532   1.837    1
9.457   0.427   1.781    0
10.883   0.685   1.005    0
9.929   0.494   1.350    1
9.278   0.188   3.074    1
10.718   0.659   1.004    1
10.576   0.724   1.136    1
9.080   0.172   3.141    0
10.001   0.159   1.000    0
9.839   0.344   1.271    1
11.184   0.518   1.000    0
9.668   0.240   1.491    1
9.092   0.111   5.929    1
9.717   0.092   1.141    1
10.695   0.482   1.002    1
10.262   0.377   1.000    1
10.696   0.663   1.015    1
10.004   0.225   1.000    1
9.065   0.258   6.677    1
10.734   0.668   1.052    0
10.254   0.328   1.209    0
11.098   0.658   1.000    1
9.809   0.657   1.631    0
9.466   0.260   1.046    1
9.071   0.406   18.267    1
9.523   0.425   1.984    0
10.317   0.537   1.214    1
10.485   0.397   1.005    1
9.235   0.246   2.068    1
10.495   0.485   1.128    0
10.479   0.408   1.146    1
10.848   0.722   1.064    0
11.334   0.744   1.000    1
9.974   0.223   1.669    0
9.836   0.302   1.396    1
10.881   0.575   1.000    1
10.062   0.155   1.057    1
10.521   0.624   1.000    0
9.538   0.199   2.310    1
8.978   0.253   2.812    0
10.443   0.651   1.000    0
10.362   0.374   1.230    1
10.069   0.445   1.489    1
10.355   0.694   1.201    0
10.946   0.346   1.000    0
10.653   0.518   1.050    0
10.778   0.558   1.000    0
9.739   0.440   1.000    1
9.899   0.573   1.216    1
9.938   0.284   1.471    1
10.892   0.435   1.000    0
10.404   0.763   1.000    1
8.747   0.216   1.431    0
11.037   0.479   1.000    1
10.832   0.294   1.000    0
10.673   0.464   1.002    1
8.722   0.186   2.517    0
8.557   0.398   10.077    0
10.614   0.423   1.006    0
10.622   0.309   1.000    0
9.133   0.333   4.585    0
9.318   0.270   1.062    0
9.291   0.116   2.728    1
9.860   0.271   1.633    1
10.567   0.445   1.115    1
10.775   0.594   1.161    1
10.411   0.468   1.125    1
10.036   0.483   1.682    1
10.050   0.349   1.414    0
9.854   0.364   1.405    1
10.082   0.321   1.125    1
10.451   0.438   1.172    1
10.601   0.714   1.225    0
10.117   0.344   1.463    1
10.526   0.384   1.058    0
11.025   0.763   1.038    0
10.172   0.194   1.197    1
9.802   0.360   1.179    1
10.014   0.281   1.007    1
10.212   0.568   1.469    1
10.445   0.513   1.141    1
10.523   0.546   1.089    1
10.649   0.561   1.049    1
10.238   0.603   1.819    0
10.052   0.418   1.640    0
9.554   0.078   1.032    0
10.830   0.759   1.138    0
9.801   0.284   1.111    1
10.343   0.537   1.394    0
9.674   0.239   1.644    1
10.766   0.797   1.066    0
9.705   0.479   1.200    1
9.130   0.283   2.789    1
8.715   0.365   3.668    0
9.457   0.224   2.033    1
9.199   0.305   3.575    0
9.846   0.320   1.656    1
9.650   0.279   2.062    0
8.829   0.250   13.287    0
8.818   0.157   2.680    0
8.677   0.324   3.446    1
8.502   0.318   2.742    0
8.811   0.377   3.392    1
8.917   0.370   2.909    0
9.096   0.311   3.043    1
9.506   0.220   1.450    1
9.202   0.475   3.542    1
8.801   0.178   2.906    0
8.933   0.130   3.363    1
8.857   0.237   3.557    0
9.063   0.348   3.912    0
9.038   0.146   3.054    1
8.911   0.181   3.675    1
8.548   0.244   3.993    1
9.014   0.260   2.966    0
8.822   0.183   14.440    0
8.992   0.165   3.617    1
8.643   0.457   6.879    0
9.077   0.140   2.491    0
9.156   0.175   2.663    1
8.841   0.211   3.383    1
9.525   0.284   2.816    1
10.152   0.315   1.688    1
8.843   0.173   6.606    1
8.841   0.248   2.882    1
8.965   0.292   3.371    1
