8.246 0.1982454
8.505 0.2435041
8.699 0.2777401
8.834 0.3016917
8.882 0.3102277
8.951 0.3225133
9.027 0.3360624
9.057 0.3414148
9.078 0.3451625
9.119 0.352482
9.142 0.3565892
9.159 0.3596253
9.188 0.3648054
9.199 0.3667705
9.218 0.3701649
9.233 0.3728448
9.25 0.3758822
9.27 0.3794556
9.288 0.3826717
9.304 0.3855305
9.33 0.3901758
9.338 0.391605
9.346 0.3930342
9.357 0.3949993
9.366 0.3966071
9.379 0.3989292
9.397 0.4021442
9.408 0.4041088
9.426 0.4073232
9.437 0.4092873
9.441 0.4100014
9.458 0.4130364
9.466 0.4144644
9.479 0.4167847
9.488 0.4183909
9.502 0.4208891
9.511 0.4224948
9.52 0.4241003
9.54 0.4276675
9.551 0.429629
9.56 0.4312297
9.572 0.433352
9.578 0.4344088
9.582 0.4351118
9.598 0.4379139
9.611 0.4401814
9.625 0.4426174
9.635 0.4443555
9.641 0.4453982
9.653 0.4474844
9.665 0.4495736
9.681 0.4523674
9.696 0.4549993
9.71 0.4574706
9.717 0.4587128
9.729 0.4608537
9.743 0.4633725
9.747 0.4640967
9.762 0.4668328
9.778 0.4697898
9.784 0.47091
9.793 0.4726027
9.799 0.4737398
9.816 0.4770018
9.829 0.4795393
9.84 0.4817178
9.851 0.4839267
9.859 0.4855532
9.867 0.4871974
9.879 0.4896982
9.889 0.491815
9.905 0.4952675
9.914 0.4972466
9.923 0.4992535
9.934 0.5017455
9.938 0.5026626
9.945 0.504282
9.951 0.5056849
9.963 0.5085331
9.973 0.5109532
9.981 0.5129207
9.99 0.5151656
9.997 0.5169334
10.007 0.5194901
10.013 0.5210406
10.022 0.5233881
10.026 0.5244394
10.031 0.5257599
10.039 0.5278869
10.045 0.5294929
10.052 0.5313773
10.057 0.5327298
10.062 0.5340874
10.069 0.535996
10.076 0.5379129
10.081 0.5392867
10.085 0.5403882
10.088 0.5412157
10.095 0.5431505
10.101 0.5448128
10.107 0.5464781
10.111 0.5475896
10.114 0.5484239
10.123 0.5509288
10.128 0.5523213
10.132 0.5534355
10.136 0.5545496
10.143 0.5564986
10.148 0.5578899
10.151 0.5587241
10.159 0.560946
10.164 0.5623323
10.169 0.5637163
10.173 0.5648216
10.18 0.5667513
10.184 0.5678511
10.188 0.5689486
10.191 0.5697701
10.195 0.5708708
10.199 0.5719839
10.205 0.5736757
10.21 0.5751047
10.214 0.5762597
10.221 0.5783043
10.223 0.5788936
10.231 0.5812717
10.239 0.5836801
10.241 0.5842865
10.247 0.5861144
10.252 0.5876471
10.261 0.5904238
10.265 0.5916639
10.27 0.5932181
10.272 0.5938408
10.281 0.5966484
10.287 0.5985227
10.291 0.5997723
10.295 0.6010214
10.298 0.6019575
10.303 0.6035156
10.306 0.6044489
10.31 0.605691
10.313 0.6066205
10.317 0.6078567
10.32 0.6087812
10.323 0.6097032
10.327 0.6109281
10.331 0.6121477
10.334 0.6130584
10.338 0.6142671
10.341 0.615169
10.346 0.6166631
10.35 0.6178493
10.352 0.6184392
10.354 0.6190269
10.356 0.6196124
10.36 0.6207762
10.365 0.6222183
10.366 0.6225052
10.371 0.6239323
10.373 0.6244999
10.375 0.6250658
10.38 0.626473
10.384 0.6275917
10.388 0.6287047
10.391 0.6295358
10.394 0.6303642
10.397 0.6311901
10.398 0.6314648
10.402 0.6325612
10.405 0.6333811
10.408 0.6341991
10.412 0.6352873
10.413 0.6355589
10.416 0.636373
10.42 0.6374567
10.423 0.6382684
10.427 0.6393497
10.43 0.6401602
10.432 0.6407005
10.434 0.6412406
10.438 0.6423212
10.441 0.6431319
10.445 0.6442138
10.447 0.6447552
10.449 0.6452971
10.452 0.6461108
10.455 0.6469257
10.458 0.6477421
10.461 0.6485602
10.465 0.6496539
10.469 0.6507514
10.473 0.6518531
10.475 0.6524057
10.479 0.6535147
10.483 0.6546291
10.486 0.6554688
10.488 0.6560303
10.493 0.6574391
10.495 0.6580044
10.498 0.6588543
10.503 0.6602751
10.506 0.6611299
10.507 0.6614152
10.512 0.662844
10.516 0.6639895
10.52 0.6651367
10.524 0.6662852
10.526 0.6668599
10.528 0.6674346
10.531 0.668297
10.535 0.6694469
10.538 0.6703092
10.541 0.6711712
10.544 0.6720327
10.548 0.6731802
10.551 0.6740399
10.553 0.6746124
10.557 0.6757557
10.56 0.6766115
10.563 0.6774658
10.566 0.6783182
10.571 0.6797345
10.574 0.6805813
10.576 0.6811445
10.581 0.6825475
10.584 0.6833855
10.586 0.6839425
10.589 0.6847754
10.594 0.6861562
10.597 0.6869799
10.602 0.6883442
10.607 0.6896973
10.61 0.6905033
10.612 0.6910382
10.617 0.6923662
10.62 0.6931581
10.622 0.6936851
10.627 0.6949995
10.631 0.6960479
10.634 0.6968324
10.638 0.6978761
10.641 0.6986571
10.643 0.6991771
10.647 0.7002152
10.651 0.7012509
10.655 0.7022843
10.658 0.7030579
10.663 0.7043446
10.665 0.7048584
10.667 0.7053717
10.669 0.7058845
10.673 0.7069087
10.676 0.7076757
10.678 0.7081865
10.681 0.7089518
10.687 0.7104797
10.693 0.7120043
10.698 0.7132723
10.702 0.7142853
10.704 0.7147914
10.709 0.7160552
10.712 0.7168127
10.717 0.7180741
10.721 0.7190821
10.725 0.7200894
10.73 0.7213475
10.733 0.7221019
10.738 0.7233585
10.744 0.7248656
10.75 0.7263721
10.757 0.7281291
10.761 0.729133
10.768 0.7308901
10.774 0.7323966
10.778 0.7334008
10.78 0.7339027
10.788 0.735908
10.793 0.7371597
10.798 0.7384102
10.807 0.740658
10.816 0.7429016
10.821 0.7441463
10.825 0.7451411
10.828 0.7458867
10.833 0.7471282
10.838 0.7483684
10.846 0.7503499
10.851 0.7515866
10.856 0.7528219
10.862 0.7543025
10.866 0.7552884
10.873 0.7570116
10.881 0.7589775
10.888 0.7606946
10.898 0.7631427
10.902 0.7641203
10.908 0.7655848
10.917 0.7677776
10.928 0.7704508
10.938 0.7728745
10.944 0.7743257
10.95 0.7757746
10.958 0.7777028
10.965 0.7793866
10.971 0.7808273
10.98 0.7829838
10.994 0.7863274
11.013 0.7908437
11.022 0.7929741
11.046 0.7986267
11.066 0.8033048
11.112 0.8139482
11.167 0.8264505
