8.246 -0.2500788
8.505 -0.1636752
8.699 -0.1028725
8.834 -0.06266162
8.882 -0.04879516
8.951 -0.02926739
9.027 -0.008321607
9.057 -0.0002185946
9.078 0.005397294
9.119 0.01622713
9.142 0.02222392
9.159 0.02661983
9.188 0.03404668
9.199 0.03683988
9.218 0.04163342
9.233 0.04538986
9.25 0.04961725
9.27 0.05454978
9.288 0.0589511
9.304 0.06283307
9.33 0.06908011
9.338 0.07098697
9.346 0.07288662
9.357 0.0754868
9.366 0.07760402
9.379 0.08064597
9.397 0.08482608
9.408 0.08736233
9.426 0.09148258
9.437 0.09398213
9.441 0.09488759
9.458 0.09871511
9.466 0.1005047
9.479 0.1033968
9.488 0.1053875
9.502 0.1084653
9.511 0.1104318
9.52 0.1123887
9.54 0.1167031
9.551 0.1190559
9.56 0.1209743
9.572 0.1235306
9.578 0.1248085
9.582 0.1256605
9.598 0.1290695
9.611 0.1318424
9.625 0.1348339
9.635 0.1369751
9.641 0.1382621
9.653 0.1408416
9.665 0.1434299
9.681 0.1468968
9.696 0.1501663
9.71 0.1532369
9.717 0.1547798
9.729 0.1574377
9.743 0.1605606
9.747 0.1614575
9.762 0.1648405
9.778 0.1684855
9.784 0.1698627
9.793 0.1719396
9.799 0.1733319
9.816 0.1773117
9.829 0.1803918
9.84 0.1830243
9.851 0.185682
9.859 0.1876313
9.867 0.1895949
9.879 0.192568
9.889 0.1950718
9.905 0.1991297
9.914 0.2014412
9.923 0.2037743
9.934 0.2066561
9.938 0.2077124
9.945 0.2095721
9.951 0.2111774
9.963 0.2144202
9.973 0.2171619
9.981 0.219385
9.99 0.2219162
9.997 0.2239061
10.007 0.2267794
10.013 0.22852
10.022 0.2311528
10.026 0.2323312
10.031 0.2338109
10.039 0.2361935
10.045 0.2379922
10.052 0.2401025
10.057 0.2416174
10.062 0.2431383
10.069 0.245277
10.076 0.2474262
10.081 0.2489674
10.085 0.2502037
10.088 0.2511329
10.095 0.253307
10.101 0.2551768
10.107 0.2570519
10.111 0.2583047
10.114 0.2592457
10.123 0.2620749
10.128 0.2636503
10.132 0.2649123
10.136 0.2661757
10.143 0.2683895
10.148 0.2699726
10.151 0.2709231
10.159 0.2734596
10.164 0.2750459
10.169 0.2766327
10.173 0.2779022
10.18 0.2801238
10.184 0.281393
10.188 0.2826619
10.191 0.2836132
10.195 0.2848849
10.199 0.2861635
10.205 0.2880935
10.21 0.2897124
10.214 0.2910139
10.221 0.2933045
10.223 0.2939618
10.231 0.2966024
10.239 0.2992596
10.241 0.2999262
10.247 0.301931
10.252 0.3036068
10.261 0.3066329
10.265 0.3079811
10.27 0.3096686
10.272 0.3103442
10.281 0.313387
10.287 0.3154168
10.291 0.3167701
10.295 0.318123
10.298 0.3191372
10.303 0.3208265
10.306 0.3218391
10.31 0.323188
10.313 0.3241986
10.317 0.3255442
10.32 0.3265519
10.323 0.3275581
10.327 0.3288974
10.331 0.3302337
10.334 0.3312336
10.338 0.3325638
10.341 0.3335589
10.346 0.3352122
10.35 0.3365299
10.352 0.3371869
10.354 0.3378427
10.356 0.3384973
10.36 0.3398024
10.365 0.3414293
10.366 0.3417543
10.371 0.3433784
10.373 0.3440274
10.375 0.344676
10.38 0.3462959
10.384 0.3475902
10.388 0.348883
10.391 0.3498517
10.394 0.3508197
10.397 0.3517868
10.398 0.352109
10.402 0.353397
10.405 0.3543621
10.408 0.3553264
10.412 0.356611
10.413 0.356932
10.416 0.3578943
10.42 0.3591763
10.423 0.3601369
10.427 0.3614166
10.43 0.3623755
10.432 0.3630144
10.434 0.363653
10.438 0.3649293
10.441 0.3658856
10.445 0.3671597
10.447 0.3677963
10.449 0.3684326
10.452 0.3693865
10.455 0.3703398
10.458 0.3712923
10.461 0.3722443
10.465 0.3735125
10.469 0.3747796
10.473 0.3760456
10.475 0.3766782
10.479 0.3779425
10.483 0.3792058
10.486 0.3801526
10.488 0.3807836
10.493 0.3823622
10.495 0.3829938
10.498 0.3839416
10.503 0.3855219
10.506 0.3864702
10.507 0.3867864
10.512 0.3883673
10.516 0.389632
10.52 0.3908966
10.524 0.392161
10.526 0.3927931
10.528 0.393425
10.531 0.3943727
10.535 0.3956357
10.538 0.3965826
10.541 0.3975289
10.544 0.3984748
10.548 0.399735
10.551 0.4006795
10.553 0.4013087
10.557 0.4025662
10.56 0.4035084
10.563 0.4044497
10.566 0.4053901
10.571 0.4069553
10.574 0.407893
10.576 0.4085176
10.581 0.4100766
10.584 0.4110105
10.586 0.4116323
10.589 0.4125639
10.594 0.4141135
10.597 0.4150414
10.602 0.4165843
10.607 0.4181228
10.61 0.4190437
10.612 0.4196566
10.617 0.4211853
10.62 0.422101
10.622 0.4227114
10.627 0.4242372
10.631 0.4254576
10.634 0.4263726
10.638 0.4275923
10.641 0.4285068
10.643 0.4291162
10.647 0.4303348
10.651 0.4315526
10.655 0.4327698
10.658 0.4336821
10.663 0.4352016
10.665 0.435809
10.667 0.4364162
10.669 0.4370231
10.673 0.4382361
10.676 0.4391451
10.678 0.4397507
10.681 0.4406586
10.687 0.4424722
10.693 0.4442827
10.698 0.4457888
10.702 0.446992
10.704 0.4475929
10.709 0.4490934
10.712 0.4499924
10.717 0.4514884
10.721 0.4526829
10.725 0.4538755
10.73 0.4553633
10.733 0.4562543
10.738 0.4577365
10.744 0.4595104
10.75 0.4612787
10.757 0.4633345
10.761 0.4645056
10.768 0.4665483
10.774 0.4682921
10.778 0.4694514
10.78 0.4700302
10.788 0.4723401
10.793 0.4737795
10.798 0.4752154
10.807 0.4777918
10.816 0.4803573
10.821 0.481778
10.825 0.4829122
10.828 0.4837614
10.833 0.4851741
10.838 0.4865836
10.846 0.4888319
10.851 0.4902328
10.856 0.4916304
10.862 0.4933033
10.866 0.494416
10.873 0.4963581
10.881 0.49857
10.888 0.5004986
10.898 0.5032428
10.902 0.5043369
10.908 0.5059743
10.917 0.5084217
10.928 0.511399
10.938 0.5140924
10.944 0.5157024
10.95 0.5173079
10.958 0.5194416
10.965 0.521302
10.971 0.5228919
10.98 0.5252682
10.994 0.528945
11.013 0.5338966
11.022 0.5362268
11.046 0.542393
11.066 0.5474788
11.112 0.5589977
11.167 0.5724499
