logmstar   log_sma_kpc
8.105   -0.223
8.168   0.179
8.183   -0.417
8.246   0.101
8.246   -0.237
8.251   0.159
8.354   0.168
8.363   0.294
8.391   0.057
8.409   0.146
8.452   -0.164
8.455   -0.019
8.477   -0.301
8.484   -0.018
8.505   -0.051
8.533   0.138
8.551   -0.188
8.608   0.220
8.608   0.367
8.619   -0.225
8.658   0.066
8.684   0.313
8.686   0.388
8.690   -0.101
8.699   -0.088
8.702   0.174
8.714   -0.280
8.723   0.131
8.739   -0.065
8.757   -0.047
8.763   -0.052
8.785   0.306
8.800   0.164
8.817   0.412
8.834   0.164
8.834   0.100
8.835   0.123
8.838   0.306
8.849   0.104
8.852   0.257
8.856   0.440
8.857   -0.029
8.860   0.216
8.871   0.216
8.882   0.207
8.886   0.064
8.893   -0.208
8.895   0.015
8.902   0.098
8.906   0.115
8.914   0.140
8.917   0.061
8.920   0.190
8.950   0.364
8.951   0.080
8.970   -0.095
8.973   0.086
8.979   0.274
8.982   0.210
9.001   0.213
9.009   0.349
9.011   0.204
9.016   0.156
9.019   -0.024
9.027   0.027
9.036   -0.208
9.036   0.236
9.038   0.017
9.042   0.106
9.047   -0.009
9.050   0.047
9.053   0.426
9.055   0.412
9.057   0.397
9.057   0.274
9.057   0.137
9.058   0.245
9.058   0.005
9.065   0.286
9.065   0.562
9.070   -0.057
9.073   0.238
9.073   0.237
9.075   0.054
9.078   0.237
9.082   0.009
9.087   0.442
9.095   -0.088
9.097   0.056
9.097   0.115
9.097   0.170
9.097   0.186
9.098   0.171
9.103   0.141
9.119   0.270
9.119   0.321
9.119   0.458
9.120   0.082
9.125   0.109
9.127   0.294
9.131   0.372
9.134   0.517
9.135   0.381
9.139   0.210
9.142   -0.006
9.143   0.287
9.147   0.040
9.147   0.266
9.149   -0.009
9.150   0.203
9.150   0.005
9.153   0.207
9.154   0.392
9.155   0.087
9.159   0.393
9.162   -0.054
9.164   0.234
9.164   0.190
9.172   0.311
9.178   0.218
9.182   -0.063
9.183   0.412
9.187   0.262
9.187   0.168
9.188   0.252
9.188   0.404
9.190   0.073
9.190   0.258
9.192   0.222
9.195   0.268
9.195   0.263
9.196   0.354
9.196   0.339
9.199   0.011
9.199   0.103
9.202   0.210
9.208   0.300
9.208   0.385
9.210   0.070
9.212   0.308
9.213   0.483
9.214   0.403
9.216   0.442
9.217   0.450
9.218   0.453
9.221   0.241
9.225   0.097
9.226   0.357
9.226   0.222
9.227   0.075
9.227   0.077
9.227   0.204
9.229   0.295
9.231   0.072
9.233   0.220
9.234   0.377
9.234   0.290
9.236   0.168
9.242   0.260
9.243   0.463
9.244   0.237
9.245   0.153
9.248   0.314
9.249   0.366
9.250   0.713
9.250   0.283
9.259   0.236
9.260   -0.097
9.260   0.141
9.261   0.256
9.266   0.125
9.267   0.004
9.268   0.362
9.269   0.289
9.270   0.362
9.273   0.348
9.274   0.561
9.276   0.293
9.277   0.437
9.279   0.512
9.280   0.124
9.280   0.523
9.281   0.345
9.287   0.385
9.288   0.196
9.288   0.132
9.291   0.290
9.292   0.102
9.294   0.218
9.296   0.418
9.297   0.153
9.301   0.283
9.304   0.019
9.304   0.259
9.304   0.124
9.309   0.328
9.312   0.515
9.315   0.238
9.320   -0.036
9.321   0.366
9.322   0.438
9.323   0.169
9.324   0.080
9.330   0.244
9.330   0.254
9.332   0.038
9.333   0.119
9.333   0.210
9.333   0.149
9.334   0.099
9.335   0.034
9.335   0.467
9.336   0.311
9.336   0.389
9.338   0.481
9.340   0.230
9.340   0.279
9.340   0.445
9.341   0.093
9.343   0.437
9.344   0.095
9.344   0.318
9.345   0.210
9.346   0.408
9.346   0.143
9.348   0.014
9.348   0.261
9.350   0.214
9.351   0.173
9.352   0.302
9.352   0.088
9.353   0.333
9.353   0.275
9.356   0.086
9.357   -0.117
9.357   0.286
9.359   0.547
9.359   -0.148
9.359   0.597
9.360   0.270
9.361   0.241
9.362   0.332
9.364   0.436
9.365   0.213
9.366   0.121
9.366   0.196
9.366   0.375
9.369   0.242
9.373   0.410
9.375   0.381
9.376   0.209
9.377   0.250
9.378   0.593
9.379   0.268
9.379   0.390
9.379   0.055
9.381   0.178
9.381   0.218
9.383   0.172
9.384   0.452
9.385   0.322
9.391   0.386
9.392   0.545
9.396   0.092
9.397   0.306
9.397   0.077
9.398   0.162
9.399   0.330
9.401   0.400
9.401   0.384
9.402   0.375
9.403   0.405
9.403   0.181
9.406   0.072
9.408   0.337
9.408   0.391
9.412   0.397
9.412   0.249
9.413   0.402
9.416   0.227
9.416   0.274
9.416   0.339
9.420   0.127
9.420   0.060
9.426   0.206
9.428   0.488
9.429   0.155
9.430   0.447
9.430   0.085
9.433   0.237
9.433   0.346
9.434   0.484
9.436   0.446
9.437   0.316
9.437   0.280
9.437   0.132
9.437   0.085
9.437   0.278
9.437   0.094
9.437   -0.268
9.439   0.052
9.439   0.197
9.439   0.225
9.441   0.423
9.441   0.381
9.441   0.407
9.444   0.302
9.450   0.038
9.450   0.259
9.450   0.395
9.451   0.327
9.453   0.012
9.455   0.216
9.458   0.447
9.458   0.244
9.458   0.411
9.459   0.223
9.460   0.280
9.460   0.084
9.462   0.358
9.463   -0.072
9.464   0.337
9.465   0.489
9.465   0.392
9.466   0.307
9.469   0.131
9.470   0.316
9.472   0.126
9.472   0.167
9.474   0.103
9.475   0.447
9.476   -0.047
9.477   0.413
9.479   0.357
9.479   0.228
9.480   0.440
9.481   -0.093
9.481   0.148
9.481   0.327
9.481   0.595
9.486   0.101
9.487   0.253
9.488   0.223
9.488   0.381
9.488   0.417
9.492   0.114
9.494   0.162
9.495   0.487
9.495   0.483
9.498   0.032
9.498   0.503
9.498   0.186
9.500   0.271
9.501   0.355
9.502   0.053
9.503   0.287
9.506   0.253
9.506   0.166
9.508   0.278
9.508   0.117
9.509   0.322
9.510   0.114
9.510   0.307
9.511   0.441
9.511   0.337
9.512   0.369
9.513   0.334
9.514   0.135
9.514   0.218
9.514   0.268
9.514   0.280
9.515   0.435
9.517   0.267
9.518   0.437
9.520   0.411
9.522   0.409
9.522   0.329
9.525   0.152
9.525   0.118
9.529   0.241
9.533   0.335
9.534   0.421
9.536   0.351
9.536   0.126
9.540   0.093
9.541   0.383
9.541   0.348
9.542   0.202
9.544   0.067
9.547   0.258
9.547   0.361
9.549   0.195
9.551   0.355
9.551   -0.014
9.551   0.150
9.552   0.441
9.553   0.136
9.554   0.159
9.554   0.177
9.556   0.422
9.557   0.283
9.558   0.223
9.560   0.473
9.560   0.343
9.560   0.401
9.563   0.281
9.564   0.169
9.565   0.275
9.565   0.321
9.566   0.538
9.569   0.495
9.569   0.222
9.570   0.110
9.571   0.036
9.572   0.273
9.572   0.198
9.574   0.274
9.575   0.301
9.575   0.174
9.575   0.389
9.575   0.221
9.576   0.050
9.578   0.115
9.578   0.327
9.578   0.163
9.579   0.149
9.580   0.476
9.580   0.118
9.581   0.055
9.581   0.439
9.582   0.126
9.582   0.430
9.582   0.454
9.582   0.245
9.582   0.365
9.582   0.257
9.584   -0.042
9.585   0.322
9.586   0.189
9.586   0.390
9.586   0.389
9.589   0.210
9.590   0.091
9.590   0.362
9.598   0.257
9.599   0.367
9.599   0.433
9.600   0.264
9.602   0.301
9.603   0.380
9.605   0.348
9.609   0.269
9.610   0.312
9.610   0.423
9.611   0.103
9.612   0.244
9.612   0.257
9.613   0.209
9.613   0.417
9.614   0.357
9.615   0.327
9.617   0.328
9.618   0.324
9.621   0.193
9.625   0.175
9.626   0.475
9.627   0.564
9.627   0.072
9.627   0.359
9.629   0.421
9.630   0.193
9.631   0.139
9.633   0.437
9.634   0.054
9.635   0.414
9.636   0.507
9.636   0.185
9.637   0.341
9.637   0.255
9.637   0.234
9.637   0.193
9.638   0.424
9.639   0.482
9.641   0.087
9.641   0.211
9.641   0.329
9.643   0.301
9.645   0.300
9.646   0.171
9.646   0.218
9.647   0.441
9.651   0.104
9.652   0.288
9.652   0.242
9.653   0.192
9.654   0.100
9.656   0.264
9.656   0.145
9.658   0.346
9.659   0.207
9.663   0.199
9.664   0.468
9.665   0.559
9.665   0.284
9.665   0.247
9.666   0.512
9.671   0.447
9.671   0.416
9.672   0.282
9.673   0.308
9.675   0.499
9.675   0.074
9.677   0.111
9.678   0.338
9.681   0.372
9.683   0.206
9.684   -0.137
9.684   0.162
9.684   0.127
9.686   0.290
9.691   0.183
9.691   0.194
9.694   0.275
9.695   0.676
9.696   0.337
9.696   0.671
9.697   0.298
9.698   0.429
9.701   0.308
9.704   0.304
9.706   0.378
9.707   0.164
9.708   0.373
9.708   0.269
9.710   0.153
9.711   0.286
9.711   -0.041
9.712   0.227
9.713   0.180
9.715   0.213
9.715   0.390
9.715   0.243
9.715   0.130
9.716   0.303
9.717   0.303
9.721   0.230
9.723   0.375
9.726   0.296
9.726   0.384
9.727   0.050
9.727   0.221
9.727   0.283
9.728   0.132
9.729   0.185
9.729   0.421
9.731   0.245
9.734   0.348
9.735   0.129
9.736   0.077
9.737   0.096
9.738   0.290
9.738   0.309
9.740   0.031
9.740   0.339
9.743   0.240
9.743   0.321
9.744   0.400
9.745   0.293
9.745   0.157
9.746   0.211
9.746   0.489
9.746   0.616
9.747   0.353
9.747   0.354
9.747   0.216
9.749   0.293
9.749   0.390
9.752   -0.101
9.753   0.204
9.755   0.187
9.756   -0.118
9.758   0.512
9.758   0.296
9.758   0.226
9.762   0.419
9.763   0.288
9.770   0.307
9.770   0.485
9.774   0.238
9.774   0.293
9.774   0.057
9.776   0.580
9.777   0.161
9.777   0.086
9.778   0.299
9.779   -0.010
9.779   0.753
9.780   -0.135
9.781   0.469
9.781   0.441
9.782   0.261
9.783   0.507
9.784   0.202
9.784   0.497
9.784   0.208
9.785   0.537
9.786   0.444
9.786   0.294
9.788   0.227
9.789   0.689
9.790   0.336
9.791   0.138
9.792   0.285
9.793   0.309
9.793   0.231
9.793   0.365
9.794   0.371
9.794   0.279
9.794   0.486
9.794   0.600
9.795   0.319
9.796   0.300
9.796   0.244
9.796   0.307
9.799   0.112
9.800   0.499
9.807   0.155
9.808   0.483
9.810   0.504
9.811   0.150
9.812   0.116
9.813   0.345
9.814   0.402
9.814   0.310
9.816   0.529
9.817   0.354
9.818   0.239
9.818   0.223
9.818   0.191
9.818   0.295
9.823   0.133
9.823   0.379
9.825   0.431
9.828   0.537
9.829   0.111
9.830   0.602
9.830   0.360
9.831   0.290
9.833   0.183
9.834   0.629
9.836   0.356
9.839   0.357
9.839   0.271
9.840   0.345
9.840   0.484
9.842   0.406
9.844   -0.004
9.844   0.421
9.845   0.528
9.846   0.461
9.846   0.299
9.849   0.533
9.850   0.369
9.851   0.366
9.851   0.268
9.855   0.511
9.855   0.262
9.856   0.396
9.857   0.373
9.857   0.187
9.857   0.302
9.858   0.376
9.858   -0.064
9.859   0.600
9.859   0.293
9.859   0.231
9.860   0.409
9.860   0.286
9.862   0.323
9.863   0.424
9.863   0.418
9.863   0.285
9.866   0.551
9.867   0.097
9.867   0.138
9.869   0.321
9.869   0.742
9.870   0.320
9.871   0.401
9.873   0.397
9.874   0.319
9.876   0.143
9.876   0.235
9.877   0.403
9.879   0.539
9.881   0.607
9.882   0.464
9.883   0.553
9.883   0.338
9.886   0.265
9.886   0.248
9.886   0.597
9.887   0.539
9.889   0.405
9.889   0.349
9.893   0.502
9.893   0.348
9.895   0.465
9.896   0.123
9.899   0.460
9.900   0.126
9.900   0.326
9.902   0.072
9.904   0.252
9.905   0.609
9.905   0.683
9.905   0.134
9.905   0.224
9.906   0.205
9.909   0.523
9.910   0.523
9.911   0.327
9.911   0.426
9.912   0.477
9.914   0.455
9.916   0.123
9.917   0.238
9.918   0.283
9.919   0.240
9.921   0.253
9.921   0.114
9.922   0.461
9.922   0.226
9.923   0.488
9.923   0.280
9.924   0.455
9.924   0.482
9.926   0.527
9.926   0.718
9.927   0.310
9.928   0.494
9.929   0.361
9.930   0.327
9.931   0.386
9.934   0.134
9.934   0.404
9.934   0.335
9.935   0.163
9.936   0.113
9.936   0.650
9.937   0.619
9.937   0.318
9.937   0.644
9.937   0.444
9.938   0.272
9.938   0.746
9.939   0.226
9.941   0.362
9.941   0.365
9.942   0.661
9.943   0.438
9.943   0.199
9.944   0.028
9.944   0.300
9.945   0.411
9.945   0.239
9.946   0.546
9.946   0.343
9.946   0.362
9.946   0.324
9.948   0.343
9.949   0.452
9.950   0.183
9.950   0.406
9.951   0.452
9.954   0.154
9.955   0.312
9.956   0.171
9.956   0.066
9.959   0.509
9.960   0.400
9.960   0.487
9.961   0.288
9.962   0.331
9.963   0.192
9.963   0.465
9.964   0.405
9.965   0.406
9.966   0.231
9.968   0.524
9.969   0.216
9.970   0.470
9.971   0.328
9.972   0.177
9.973   0.275
9.974   0.400
9.974   0.360
9.975   0.434
9.976   0.326
9.976   0.227
9.976   0.271
9.979   0.353
9.979   0.308
9.981   0.472
9.981   0.197
9.982   0.194
9.984   0.418
9.984   0.379
9.986   0.254
9.986   0.269
9.987   0.433
9.987   0.431
9.989   0.169
9.990   0.452
9.990   0.202
9.991   0.708
9.992   0.400
9.992   0.418
9.992   0.084
9.993   0.326
9.994   0.394
9.995   0.542
9.995   0.492
9.996   0.216
9.997   0.426
9.999   0.235
9.999   0.128
10.001   0.470
10.001   0.270
10.002   0.354
10.002   0.357
10.003   0.157
10.006   0.231
10.007   0.321
10.007   0.218
10.007   0.419
10.008   0.008
10.008   0.359
10.008   0.551
10.009   0.243
10.009   0.429
10.010   0.255
10.010   0.426
10.011   0.191
10.013   0.201
10.014   0.389
10.015   0.402
10.015   0.336
10.016   0.501
10.017   0.192
10.017   0.304
10.018   0.246
10.019   0.579
10.021   0.088
10.022   0.228
10.023   0.369
10.023   0.487
10.023   0.461
10.024   0.558
10.024   0.476
10.025   0.185
10.025   0.302
10.026   0.482
10.026   0.318
10.026   0.539
10.027   0.396
10.027   0.617
10.027   0.542
10.027   0.231
10.028   0.509
10.028   0.357
10.030   0.371
10.031   0.383
10.031   0.176
10.031   0.161
10.032   0.304
10.034   0.381
10.036   0.372
10.036   0.361
10.036   0.069
10.037   0.233
10.038   0.483
10.038   0.342
10.039   0.422
10.039   0.206
10.039   0.389
10.040   0.437
10.040   0.368
10.042   0.309
10.042   0.542
10.042   0.416
10.043   0.431
10.043   0.209
10.044   0.286
10.045   0.291
10.045   0.295
10.045   0.410
10.045   0.551
10.045   0.464
10.047   0.636
10.050   0.629
10.050   0.345
10.051   0.454
10.052   0.497
10.052   0.256
10.053   0.347
10.055   0.477
10.056   0.111
10.056   0.410
10.056   0.466
10.056   0.708
10.056   0.070
10.057   0.351
10.057   0.434
10.057   0.210
10.057   0.418
10.058   0.435
10.058   0.384
10.059   0.461
10.059   0.067
10.061   0.535
10.061   0.627
10.061   0.399
10.061   0.483
10.062   0.410
10.062   0.309
10.062   0.528
10.063   0.314
10.064   0.333
10.066   0.326
10.068   0.750
10.068   0.558
10.069   0.532
10.069   0.273
10.069   0.263
10.069   0.178
10.070   0.358
10.071   0.397
10.071   0.540
10.072   0.469
10.072   0.393
10.074   0.403
10.075   0.205
10.076   0.292
10.076   0.302
10.076   0.466
10.077   0.432
10.077   0.584
10.079   0.276
10.079   0.566
10.080   0.553
10.080   0.419
10.080   0.402
10.081   0.512
10.081   0.523
10.082   0.275
10.082   0.320
10.082   0.401
10.083   0.433
10.083   0.489
10.084   0.096
10.084   0.526
10.084   0.494
10.085   0.350
10.085   0.365
10.085   0.352
10.085   0.377
10.086   0.219
10.086   0.326
10.086   0.601
10.086   0.351
10.087   0.379
10.087   0.436
10.088   0.455
10.088   0.205
10.088   0.433
10.088   0.586
10.089   0.235
10.089   0.473
10.090   0.627
10.090   0.282
10.091   0.413
10.092   0.290
10.095   0.173
10.095   0.449
10.095   0.216
10.095   0.472
10.095   0.330
10.096   0.571
10.097   0.442
10.098   0.423
10.098   0.067
10.099   0.341
10.100   0.248
10.101   0.621
10.101   0.147
10.101   0.463
10.102   0.372
10.104   0.069
10.104   0.611
10.104   0.530
10.105   0.387
10.106   0.493
10.107   0.178
10.107   0.462
10.107   0.304
10.107   0.345
10.107   0.434
10.107   0.456
10.108   0.282
10.109   0.201
10.109   0.471
10.109   0.410
10.110   0.531
10.111   0.348
10.111   0.548
10.111   0.318
10.112   0.280
10.112   0.451
10.112   0.179
10.114   0.677
10.114   0.262
10.114   0.631
10.114   0.365
10.114   0.550
10.115   0.505
10.116   0.450
10.117   0.358
10.117   0.496
10.118   0.573
10.119   0.308
10.120   0.389
10.122   0.478
10.123   0.497
10.123   0.411
10.123   0.112
10.124   0.682
10.124   0.370
10.124   0.351
10.125   0.317
10.125   0.494
10.125   0.377
10.126   0.402
10.127   0.326
10.128   0.443
10.129   0.441
10.129   0.585
10.129   0.519
10.129   0.386
10.129   0.335
10.130   0.685
10.131   0.248
10.132   0.543
10.132   0.497
10.132   0.555
10.133   0.392
10.133   0.711
10.133   0.152
10.133   0.489
10.134   0.533
10.135   0.423
10.135   0.319
10.135   0.405
10.135   0.514
10.136   0.199
10.138   0.478
10.141   0.317
10.141   0.526
10.142   0.400
10.142   0.309
10.142   0.334
10.142   0.442
10.143   0.527
10.143   0.168
10.143   0.478
10.143   0.349
10.144   0.246
10.144   0.427
10.145   0.564
10.145   0.649
10.145   0.558
10.146   0.248
10.147   0.432
10.148   0.382
10.148   0.358
10.148   0.379
10.148   0.184
10.148   0.483
10.149   0.537
10.149   0.221
10.150   0.560
10.150   0.398
10.150   0.389
10.151   0.383
10.151   0.166
10.151   0.567
10.153   0.680
10.153   0.252
10.154   0.484
10.154   0.539
10.154   0.357
10.155   0.220
10.155   0.350
10.156   0.406
10.159   0.603
10.160   0.515
10.161   0.520
10.161   0.716
10.162   0.599
10.163   0.243
10.163   0.460
10.163   0.720
10.163   0.570
10.164   0.567
10.164   0.352
10.165   0.496
10.165   0.232
10.166   0.470
10.166   0.364
10.168   0.406
10.168   0.465
10.168   0.465
10.168   0.447
10.169   0.610
10.169   0.236
10.170   0.437
10.172   0.287
10.172   0.593
10.172   0.377
10.172   0.487
10.173   0.443
10.173   0.598
10.173   0.204
10.173   0.386
10.173   0.697
10.174   0.278
10.175   0.233
10.175   0.392
10.176   0.414
10.177   0.501
10.178   0.383
10.178   0.501
10.178   0.365
10.180   0.539
10.180   0.441
10.180   0.521
10.181   0.204
10.181   0.414
10.181   0.511
10.182   0.326
10.182   0.422
10.182   0.350
10.182   0.488
10.184   0.600
10.184   0.571
10.184   0.303
10.184   0.621
10.185   0.591
10.186   0.395
10.187   0.657
10.187   0.369
10.187   0.559
10.187   0.228
10.188   0.410
10.188   0.451
10.188   0.374
10.188   0.493
10.188   0.476
10.189   0.348
10.189   0.271
10.189   0.489
10.189   0.353
10.189   0.391
10.190   0.091
10.191   0.335
10.191   0.343
10.191   0.480
10.192   0.356
10.192   0.288
10.192   0.471
10.193   0.313
10.193   0.526
10.193   0.656
10.194   0.420
10.195   0.193
10.195   0.632
10.195   0.584
10.196   0.440
10.196   0.700
10.196   0.449
10.197   0.345
10.198   0.353
10.198   0.537
10.198   0.495
10.199   0.586
10.199   0.744
10.199   0.349
10.199   0.541
10.200   0.375
10.200   0.426
10.200   0.506
10.200   0.061
10.203   0.459
10.204   0.452
10.205   0.573
10.206   0.631
10.206   0.576
10.206   0.240
10.207   0.456
10.207   0.408
10.208   0.537
10.209   0.339
10.209   0.283
10.210   0.552
10.210   0.550
10.210   0.753
10.210   0.524
10.210   0.438
10.210   0.611
10.211   0.407
10.211   0.316
10.211   0.422
10.212   0.490
10.214   0.345
10.214   0.574
10.214   0.624
10.214   0.447
10.215   0.566
10.217   0.344
10.218   0.216
10.218   0.415
10.218   0.450
10.220   0.546
10.221   0.513
10.221   0.362
10.221   0.498
10.221   0.461
10.222   0.527
10.222   0.337
10.222   0.423
10.223   0.348
10.223   0.471
10.223   0.379
10.223   0.328
10.223   0.336
10.224   0.336
10.225   0.442
10.226   0.589
10.227   0.212
10.228   0.500
10.229   0.468
10.230   0.378
10.230   0.240
10.230   0.710
10.231   0.377
10.232   0.316
10.232   0.359
10.233   0.730
10.233   0.270
10.234   0.321
10.235   0.577
10.236   0.295
10.236   0.523
10.236   0.537
10.239   0.572
10.239   0.527
10.239   0.511
10.240   0.360
10.240   0.553
10.240   0.419
10.240   0.311
10.240   0.584
10.241   0.534
10.241   0.545
10.241   0.422
10.241   0.492
10.243   0.211
10.243   0.618
10.243   0.336
10.245   0.301
10.245   0.483
10.246   0.591
10.246   0.501
10.246   0.445
10.247   0.699
10.248   0.501
10.248   0.391
10.248   0.594
10.250   0.257
10.252   0.356
10.252   0.489
10.252   0.265
10.252   0.465
10.252   0.440
10.252   0.373
10.252   0.304
10.256   0.332
10.256   0.375
10.256   0.446
10.256   0.291
10.256   0.455
10.257   0.519
10.258   0.616
10.259   0.559
10.261   0.564
10.261   0.514
10.262   0.251
10.262   0.440
10.263   0.440
10.264   0.196
10.264   0.581
10.264   0.424
10.264   0.445
10.264   0.473
10.265   0.336
10.266   0.331
10.266   0.676
10.267   0.236
10.267   0.342
10.267   0.574
10.268   0.335
10.268   0.542
10.268   0.388
10.268   0.481
10.270   0.512
10.270   0.507
10.270   0.369
10.270   0.608
10.270   0.529
10.270   0.586
10.270   0.479
10.271   0.370
10.272   0.413
10.272   0.460
10.272   0.451
10.274   0.423
10.275   0.367
10.276   0.358
10.276   0.309
10.277   0.572
10.278   0.507
10.278   0.355
10.279   0.410
10.280   0.439
10.281   0.424
10.281   0.433
10.282   0.547
10.282   0.309
10.282   0.252
10.282   0.372
10.283   0.534
10.285   0.434
10.285   0.493
10.286   0.484
10.287   0.521
10.287   0.526
10.287   0.607
10.288   0.456
10.289   0.273
10.289   0.305
10.289   0.450
10.290   0.583
10.290   0.480
10.290   0.399
10.291   0.366
10.291   0.507
10.292   0.297
10.292   0.310
10.292   0.474
10.293   0.286
10.293   0.448
10.294   0.642
10.294   0.440
10.294   0.686
10.295   0.701
10.295   0.532
10.295   0.294
10.296   0.658
10.296   0.094
10.296   0.588
10.296   0.615
10.297   0.727
10.298   0.698
10.298   0.388
10.298   0.615
10.299   0.517
10.299   0.416
10.300   0.517
10.300   0.690
10.300   0.601
10.301   0.323
10.301   0.387
10.301   0.363
10.301   0.347
10.303   0.402
10.304   0.426
10.304   0.484
10.304   0.452
10.304   0.614
10.305   0.400
10.305   0.370
10.305   0.234
10.305   0.565
10.306   0.386
10.306   0.712
10.307   0.424
10.307   0.108
10.307   0.578
10.308   0.530
10.308   0.370
10.309   0.604
10.309   0.398
10.309   0.474
10.310   0.542
10.310   0.457
10.310   0.429
10.310   0.416
10.311   0.525
10.311   0.695
10.312   0.781
10.312   0.447
10.312   0.275
10.312   0.472
10.312   0.291
10.313   0.406
10.313   0.512
10.314   0.283
10.314   0.473
10.314   0.456
10.315   0.312
10.315   0.520
10.316   0.495
10.316   0.609
10.316   0.449
10.317   0.705
10.317   0.523
10.317   0.573
10.318   0.621
10.318   0.493
10.318   0.513
10.318   0.527
10.319   0.596
10.319   0.239
10.320   0.540
10.320   0.576
10.320   0.461
10.320   0.611
10.320   0.326
10.320   0.573
10.321   0.383
10.321   0.393
10.322   0.247
10.322   0.373
10.322   0.559
10.323   0.377
10.323   0.641
10.324   0.742
10.325   0.624
10.325   0.377
10.325   0.519
10.325   0.543
10.326   0.290
10.326   0.661
10.326   0.575
10.327   0.474
10.327   0.364
10.327   0.396
10.327   0.568
10.329   0.430
10.329   0.459
10.330   0.250
10.330   0.427
10.330   0.360
10.331   0.426
10.331   0.344
10.331   0.238
10.332   0.308
10.332   0.370
10.333   0.410
10.333   0.584
10.333   0.464
10.333   0.659
10.334   0.300
10.334   0.581
10.334   0.380
10.334   0.629
10.335   0.449
10.335   0.380
10.335   0.425
10.335   0.162
10.336   0.401
10.337   0.599
10.337   0.545
10.337   0.546
10.338   0.355
10.338   0.279
10.338   0.510
10.338   0.275
10.339   0.510
10.339   0.570
10.339   0.263
10.339   0.492
10.340   0.435
10.341   0.590
10.341   0.470
10.342   0.587
10.342   0.265
10.343   0.505
10.343   0.695
10.343   0.682
10.345   0.717
10.345   0.540
10.345   0.518
10.345   0.454
10.346   0.392
10.346   0.328
10.347   0.502
10.347   0.730
10.347   0.533
10.347   0.700
10.347   0.419
10.347   0.492
10.348   0.359
10.349   0.326
10.350   0.508
10.350   0.402
10.350   0.459
10.350   0.381
10.350   0.564
10.350   0.611
10.351   0.428
10.351   0.481
10.351   0.485
10.352   0.445
10.352   0.684
10.352   0.710
10.352   0.268
10.352   0.478
10.352   0.524
10.352   0.577
10.352   0.654
10.353   0.433
10.354   0.611
10.354   0.554
10.354   0.297
10.354   0.422
10.354   0.196
10.354   0.570
10.355   0.437
10.355   0.504
10.355   0.528
10.355   0.529
10.356   0.365
10.356   0.214
10.356   0.523
10.357   0.313
10.357   0.585
10.358   0.520
10.358   0.385
10.359   0.479
10.359   0.739
10.359   0.509
10.359   0.311
10.360   0.151
10.360   0.424
10.360   0.280
10.361   0.541
10.362   0.552
10.362   0.615
10.362   0.445
10.363   0.413
10.363   0.606
10.363   0.441
10.365   0.466
10.365   0.662
10.365   0.659
10.365   0.301
10.365   0.360
10.366   0.646
10.366   0.386
10.366   0.514
10.366   0.599
10.366   0.410
10.366   0.469
10.366   0.512
10.367   0.595
10.367   0.424
10.367   0.790
10.367   0.533
10.368   0.539
10.368   0.357
10.369   0.511
10.369   0.437
10.370   0.300
10.371   0.480
10.371   0.553
10.371   -0.016
10.371   0.485
10.371   0.423
10.371   0.429
10.372   0.325
10.372   0.639
10.372   0.687
10.373   0.621
10.373   0.174
10.373   0.215
10.373   0.500
10.374   0.483
10.374   0.309
10.374   0.454
10.374   0.511
10.374   0.640
10.374   0.348
10.375   0.321
10.375   0.521
10.375   0.556
10.376   0.725
10.376   0.470
10.377   0.503
10.377   0.526
10.378   0.570
10.379   0.535
10.379   0.751
10.380   0.499
10.380   0.305
10.380   0.732
10.381   0.245
10.381   0.670
10.381   0.367
10.381   0.309
10.382   0.355
10.382   0.544
10.382   0.509
10.383   0.510
10.384   0.396
10.385   0.398
10.386   0.256
10.386   0.426
10.386   0.746
10.387   0.753
10.387   0.392
10.387   0.595
10.387   0.380
10.387   0.707
10.388   0.418
10.389   0.476
10.389   0.573
10.389   0.513
10.389   0.574
10.389   0.406
10.390   0.426
10.390   0.455
10.390   0.487
10.391   0.636
10.391   0.351
10.391   0.481
10.392   0.710
10.392   0.387
10.392   0.363
10.392   0.627
10.392   0.719
10.393   0.473
10.393   0.678
10.393   0.688
10.394   0.345
10.394   0.362
10.394   0.290
10.394   0.479
10.394   0.343
10.395   0.489
10.395   0.832
10.395   0.410
10.396   0.425
10.396   0.704
10.397   0.363
10.397   0.673
10.397   0.461
10.397   0.673
10.397   0.498
10.397   0.629
10.398   0.614
10.398   0.209
10.398   0.535
10.398   0.486
10.398   0.286
10.398   0.492
10.399   0.537
10.400   0.511
10.400   0.483
10.401   0.433
10.401   0.583
10.402   0.405
10.402   0.328
10.402   0.237
10.402   0.750
10.402   0.543
10.402   0.385
10.403   0.535
10.403   0.472
10.403   0.652
10.403   0.659
10.404   0.558
10.405   0.405
10.405   0.469
10.405   0.534
10.405   0.568
10.405   0.661
10.405   0.508
10.405   0.498
10.406   0.128
10.406   0.574
10.407   0.317
10.407   0.623
10.408   0.441
10.408   0.659
10.408   0.460
10.409   0.461
10.410   0.332
10.410   0.149
10.411   0.581
10.411   0.526
10.411   0.539
10.412   0.856
10.412   0.438
10.412   0.558
10.412   0.277
10.412   0.342
10.412   0.449
10.412   0.642
10.413   0.606
10.413   0.406
10.413   0.642
10.413   0.621
10.413   0.444
10.413   0.536
10.413   0.277
10.414   0.518
10.414   0.492
10.415   0.406
10.415   0.513
10.415   0.431
10.415   0.411
10.415   0.542
10.416   0.450
10.416   0.501
10.416   0.450
10.416   0.680
10.418   0.580
10.418   0.415
10.418   0.467
10.418   0.677
10.419   0.757
10.419   0.152
10.419   0.591
10.420   0.427
10.420   0.372
10.420   0.382
10.420   0.521
10.421   0.626
10.421   0.436
10.422   0.457
10.422   0.521
10.422   0.417
10.423   0.548
10.423   0.631
10.423   0.609
10.424   0.586
10.425   0.622
10.425   0.385
10.425   0.723
10.427   0.209
10.427   0.712
10.427   0.381
10.427   0.602
10.427   0.289
10.428   0.380
10.428   0.620
10.428   0.538
10.428   0.646
10.428   0.590
10.428   0.376
10.429   0.520
10.429   0.596
10.430   0.267
10.430   0.642
10.430   0.565
10.430   0.395
10.430   0.508
10.431   0.408
10.431   0.607
10.431   0.269
10.431   0.588
10.431   0.559
10.432   0.594
10.432   0.372
10.432   0.319
10.433   0.437
10.433   0.611
10.433   0.280
10.433   0.409
10.433   0.607
10.433   0.607
10.433   0.583
10.434   0.646
10.434   0.637
10.434   0.569
10.434   0.542
10.434   0.427
10.435   0.434
10.435   0.442
10.435   0.430
10.435   0.362
10.436   0.681
10.436   0.491
10.438   0.501
10.438   0.416
10.438   0.398
10.438   0.455
10.438   0.730
10.439   0.620
10.439   0.504
10.440   0.352
10.440   0.629
10.440   0.424
10.441   0.409
10.442   0.421
10.442   0.651
10.442   0.609
10.442   0.424
10.442   0.480
10.442   0.462
10.444   0.481
10.444   0.517
10.444   0.625
10.445   0.373
10.445   0.495
10.446   0.596
10.446   0.614
10.446   0.489
10.446   0.517
10.447   0.409
10.447   0.405
10.447   0.281
10.447   0.400
10.447   0.441
10.447   0.652
10.448   0.665
10.448   0.472
10.448   0.447
10.448   0.822
10.448   0.774
10.448   0.300
10.449   0.585
10.449   0.524
10.449   0.402
10.449   0.396
10.450   0.495
10.450   0.507
10.450   0.090
10.451   0.647
10.451   0.604
10.452   0.564
10.452   0.429
10.452   0.581
10.452   0.682
10.452   0.484
10.452   0.560
10.453   0.499
10.453   0.518
10.454   0.653
10.454   0.500
10.454   0.532
10.455   0.394
10.455   0.308
10.455   0.513
10.455   0.297
10.455   0.580
10.455   0.540
10.456   0.374
10.456   0.628
10.456   0.544
10.456   0.360
10.457   0.539
10.457   0.497
10.458   0.566
10.458   0.760
10.458   0.277
10.458   0.625
10.460   0.486
10.460   0.663
10.460   0.726
10.461   0.447
10.461   0.481
10.461   0.521
10.461   0.461
10.462   0.824
10.462   0.568
10.462   0.266
10.463   0.550
10.463   0.500
10.463   0.680
10.464   0.498
10.464   0.428
10.465   0.238
10.465   0.469
10.465   0.498
10.465   0.467
10.466   0.467
10.466   0.593
10.466   0.556
10.466   0.601
10.467   0.857
10.468   0.487
10.468   0.367
10.469   0.455
10.469   0.619
10.469   0.180
10.470   0.534
10.470   0.689
10.470   0.334
10.471   0.507
10.471   0.186
10.471   0.572
10.472   0.559
10.473   0.617
10.473   0.434
10.473   0.586
10.473   0.573
10.474   0.457
10.474   0.604
10.474   0.430
10.474   0.373
10.474   0.412
10.475   0.630
10.475   0.508
10.475   0.568
10.475   0.486
10.476   0.415
10.477   0.435
10.478   0.524
10.478   0.616
10.479   0.470
10.479   0.625
10.479   0.570
10.479   0.565
10.480   0.719
10.480   0.655
10.480   0.706
10.481   0.546
10.481   0.650
10.482   0.361
10.483   0.604
10.483   0.579
10.483   0.643
10.483   0.430
10.483   0.273
10.483   0.263
10.484   0.414
10.484   0.509
10.484   0.498
10.484   0.458
10.485   0.460
10.485   0.590
10.486   0.469
10.486   0.683
10.486   0.587
10.486   0.383
10.487   0.357
10.487   0.715
10.487   0.324
10.488   0.648
10.488   0.507
10.488   0.507
10.488   0.693
10.488   0.487
10.489   0.214
10.489   0.447
10.490   0.622
10.490   0.421
10.490   0.602
10.491   0.636
10.491   0.516
10.492   0.746
10.492   0.529
10.493   0.544
10.493   0.505
10.494   0.398
10.494   0.416
10.494   0.386
10.495   0.721
10.495   0.431
10.495   0.382
10.495   0.523
10.495   0.293
10.495   0.377
10.496   0.354
10.496   0.539
10.496   0.529
10.497   0.466
10.497   0.681
10.497   0.587
10.497   0.744
10.497   0.395
10.498   0.453
10.498   0.537
10.499   0.591
10.499   0.651
10.499   0.715
10.500   0.276
10.501   0.381
10.501   0.580
10.502   0.301
10.502   0.594
10.502   0.487
10.503   0.394
10.503   0.807
10.503   0.715
10.503   0.539
10.503   0.582
10.504   0.513
10.504   0.597
10.505   0.709
10.505   0.536
10.505   0.412
10.506   0.595
10.506   0.636
10.506   0.693
10.506   0.391
10.506   0.603
10.507   0.429
10.507   0.584
10.507   0.418
10.507   0.137
10.507   0.628
10.507   0.453
10.508   0.544
10.508   0.638
10.508   0.619
10.509   0.551
10.509   0.521
10.510   0.661
10.511   0.510
10.511   0.460
10.512   0.352
10.512   0.592
10.512   0.580
10.513   0.441
10.513   0.327
10.513   0.493
10.514   0.571
10.514   0.598
10.514   0.433
10.515   0.542
10.516   0.419
10.516   0.378
10.516   0.519
10.517   0.512
10.517   0.757
10.517   0.390
10.517   0.611
10.517   0.538
10.519   0.292
10.519   0.488
10.519   0.528
10.520   0.493
10.520   0.456
10.521   0.536
10.521   0.442
10.521   0.576
10.522   0.319
10.522   0.477
10.522   0.497
10.523   0.650
10.523   0.584
10.524   0.330
10.524   0.587
10.524   0.351
10.524   0.461
10.525   0.618
10.525   0.368
10.525   0.482
10.526   0.453
10.526   0.466
10.526   0.426
10.526   0.682
10.527   0.399
10.527   0.577
10.528   0.602
10.528   0.693
10.528   0.453
10.528   0.692
10.528   0.465
10.528   0.562
10.528   0.454
10.528   0.335
10.529   0.502
10.529   0.600
10.529   0.507
10.529   0.443
10.530   0.525
10.530   0.453
10.530   0.801
10.530   0.616
10.531   0.429
10.531   0.699
10.531   0.374
10.532   0.309
10.532   0.570
10.532   0.696
10.532   0.514
10.533   0.502
10.534   0.673
10.534   0.406
10.535   0.592
10.535   0.586
10.535   0.513
10.535   0.629
10.536   0.557
10.536   0.448
10.536   0.492
10.536   0.741
10.537   0.697
10.537   0.401
10.538   0.456
10.538   0.557
10.538   0.252
10.538   0.763
10.539   0.475
10.539   0.396
10.539   0.661
10.540   0.678
10.540   0.411
10.540   0.597
10.541   0.301
10.541   0.786
10.541   0.524
10.541   0.440
10.541   0.476
10.542   0.601
10.542   0.502
10.542   0.340
10.543   0.501
10.543   0.714
10.544   0.427
10.544   0.566
10.545   0.408
10.545   0.918
10.545   0.624
10.547   0.756
10.547   0.724
10.547   0.521
10.547   0.812
10.548   0.475
10.548   0.545
10.548   0.588
10.549   0.490
10.549   0.592
10.549   0.441
10.549   0.680
10.549   0.313
10.550   0.693
10.550   0.300
10.550   0.741
10.551   0.526
10.551   0.510
10.552   0.576
10.552   0.620
10.552   0.667
10.552   0.474
10.552   0.666
10.553   0.554
10.553   0.432
10.553   0.601
10.553   0.626
10.553   0.341
10.554   0.216
10.554   0.502
10.554   0.554
10.555   0.488
10.555   0.642
10.556   0.599
10.556   0.576
10.556   0.587
10.556   0.098
10.557   0.428
10.558   0.431
10.558   0.597
10.558   0.534
10.558   0.632
10.558   0.510
10.558   0.871
10.559   0.710
10.559   0.498
10.559   0.570
10.560   0.283
10.560   0.794
10.561   0.443
10.561   0.548
10.561   0.399
10.562   0.667
10.562   0.478
10.562   0.299
10.563   0.434
10.563   0.590
10.563   0.674
10.563   0.511
10.563   0.666
10.564   0.432
10.564   0.340
10.564   0.620
10.565   0.347
10.565   0.511
10.565   0.522
10.565   0.631
10.566   0.685
10.566   0.520
10.566   0.470
10.567   0.396
10.568   0.377
10.568   0.610
10.568   0.639
10.570   0.415
10.570   0.659
10.570   0.379
10.571   0.389
10.571   0.511
10.572   0.929
10.572   0.722
10.572   0.658
10.572   0.362
10.572   0.605
10.572   0.383
10.573   0.528
10.573   0.542
10.574   0.387
10.574   0.472
10.575   0.572
10.575   0.178
10.575   0.426
10.576   0.476
10.576   0.675
10.576   0.700
10.576   0.590
10.576   0.571
10.576   0.594
10.577   0.580
10.578   0.653
10.578   0.420
10.578   0.530
10.578   0.721
10.578   0.616
10.579   0.617
10.579   0.456
10.579   0.660
10.581   0.411
10.582   0.586
10.583   0.574
10.583   0.737
10.583   0.552
10.583   0.442
10.584   0.496
10.584   0.400
10.584   0.419
10.584   0.574
10.584   0.664
10.584   0.718
10.584   0.443
10.585   0.655
10.585   0.417
10.585   0.834
10.586   0.507
10.586   0.586
10.586   0.685
10.586   0.463
10.586   0.585
10.587   0.555
10.587   0.729
10.587   0.538
10.587   0.760
10.588   0.512
10.588   0.546
10.588   0.524
10.589   0.364
10.589   0.657
10.589   0.545
10.590   0.593
10.590   0.609
10.591   0.305
10.591   0.648
10.592   0.606
10.592   0.504
10.593   0.458
10.593   0.656
10.593   0.547
10.594   0.491
10.594   0.496
10.595   0.738
10.595   0.606
10.595   0.387
10.595   0.821
10.596   0.601
10.596   0.369
10.596   0.660
10.597   0.532
10.597   0.565
10.598   0.531
10.598   0.520
10.599   0.784
10.599   0.487
10.600   0.317
10.600   0.419
10.600   0.623
10.601   0.374
10.602   0.644
10.602   0.331
10.602   0.424
10.602   0.709
10.603   0.616
10.605   0.560
10.606   0.502
10.606   0.666
10.606   0.431
10.606   0.646
10.607   0.572
10.607   0.509
10.607   0.609
10.608   0.681
10.609   0.636
10.609   0.646
10.609   0.645
10.610   0.494
10.610   0.818
10.610   0.693
10.610   0.688
10.610   0.578
10.610   0.552
10.610   0.556
10.610   0.682
10.611   0.631
10.611   0.460
10.611   0.547
10.612   0.545
10.612   0.550
10.612   0.534
10.612   0.587
10.613   0.649
10.613   0.476
10.614   0.807
10.614   0.385
10.615   0.563
10.615   0.364
10.615   0.687
10.615   0.133
10.616   0.686
10.617   0.364
10.618   0.531
10.618   0.464
10.618   0.461
10.619   0.607
10.619   0.556
10.619   0.606
10.619   0.686
10.620   0.418
10.620   0.349
10.620   0.462
10.620   0.454
10.621   0.642
10.621   0.777
10.621   0.658
10.621   0.381
10.621   0.518
10.622   0.548
10.622   0.604
10.622   0.443
10.622   0.492
10.624   0.413
10.624   0.681
10.624   0.404
10.625   0.571
10.625   0.723
10.626   0.380
10.626   0.899
10.626   0.299
10.626   0.541
10.627   0.510
10.627   0.512
10.627   0.505
10.627   0.565
10.629   0.464
10.630   0.287
10.630   0.506
10.630   0.440
10.631   0.490
10.631   0.632
10.631   0.656
10.631   0.564
10.631   0.643
10.632   0.527
10.632   0.528
10.633   0.632
10.633   0.487
10.633   0.604
10.633   0.605
10.633   0.844
10.634   0.569
10.635   0.522
10.635   0.497
10.635   0.682
10.636   0.282
10.637   0.649
10.637   0.565
10.638   0.446
10.638   0.551
10.638   0.668
10.638   0.553
10.639   0.358
10.639   0.724
10.639   0.726
10.640   0.611
10.640   0.565
10.641   0.540
10.641   0.452
10.641   0.570
10.641   0.562
10.641   0.640
10.641   0.520
10.641   0.480
10.641   0.903
10.641   0.604
10.642   0.631
10.642   0.527
10.643   0.590
10.643   0.499
10.643   0.570
10.643   0.881
10.643   0.490
10.644   0.522
10.644   0.681
10.644   0.841
10.645   0.459
10.646   0.709
10.646   0.491
10.646   0.356
10.647   0.536
10.647   0.478
10.647   0.580
10.648   0.616
10.649   0.449
10.649   0.784
10.649   0.431
10.650   0.474
10.650   0.621
10.651   0.453
10.651   0.480
10.651   0.593
10.652   0.761
10.652   0.645
10.652   0.628
10.653   0.680
10.653   0.546
10.653   0.726
10.653   0.626
10.653   0.631
10.654   0.536
10.655   0.711
10.656   0.624
10.657   0.592
10.657   0.710
10.657   0.425
10.657   0.475
10.657   0.617
10.658   0.549
10.658   0.484
10.658   0.577
10.658   0.617
10.658   0.579
10.659   0.625
10.659   0.475
10.659   0.734
10.659   0.650
10.661   0.652
10.662   0.569
10.662   0.446
10.662   0.285
10.663   0.642
10.663   0.692
10.663   0.739
10.664   0.465
10.664   0.656
10.664   0.673
10.664   0.616
10.664   0.697
10.665   0.484
10.665   0.505
10.665   0.320
10.666   0.657
10.666   0.529
10.666   0.597
10.666   0.599
10.666   0.396
10.666   0.613
10.666   0.379
10.666   0.819
10.667   0.860
10.667   0.694
10.667   0.579
10.667   0.592
10.667   0.702
10.668   0.380
10.668   0.456
10.668   0.540
10.668   0.541
10.669   0.594
10.669   0.543
10.669   0.455
10.670   0.557
10.670   0.430
10.671   0.389
10.671   0.891
10.671   0.520
10.671   0.620
10.672   0.572
10.672   0.362
10.673   0.461
10.673   0.601
10.674   0.480
10.674   0.524
10.674   0.841
10.674   0.513
10.674   0.501
10.675   0.634
10.675   0.713
10.675   0.637
10.676   0.822
10.676   0.523
10.676   0.446
10.677   0.642
10.677   0.770
10.677   0.460
10.677   0.672
10.677   0.623
10.677   0.625
10.677   0.514
10.678   0.596
10.678   0.589
10.678   0.584
10.678   0.650
10.678   0.506
10.679   0.677
10.679   0.640
10.680   0.659
10.680   0.485
10.680   0.607
10.681   0.463
10.681   0.439
10.681   0.646
10.683   0.697
10.684   0.359
10.684   0.679
10.685   0.572
10.685   0.522
10.686   0.699
10.686   0.750
10.686   0.412
10.687   0.840
10.687   0.596
10.688   0.436
10.688   0.641
10.689   0.675
10.689   0.342
10.691   0.492
10.692   0.521
10.693   0.638
10.693   0.653
10.693   0.654
10.693   0.634
10.693   0.974
10.694   0.621
10.695   0.442
10.695   0.427
10.695   0.520
10.696   0.373
10.697   0.500
10.697   0.644
10.698   0.634
10.698   0.328
10.698   0.685
10.698   0.577
10.698   0.670
10.699   0.608
10.699   0.431
10.700   0.416
10.700   0.414
10.700   0.430
10.702   0.383
10.702   0.757
10.702   0.252
10.703   0.434
10.703   0.453
10.703   0.404
10.703   0.609
10.703   0.672
10.704   0.446
10.704   0.807
10.704   0.471
10.706   0.553
10.706   0.351
10.706   0.469
10.707   0.563
10.708   0.508
10.708   0.531
10.708   0.384
10.708   0.532
10.708   0.723
10.709   0.700
10.709   0.681
10.709   0.596
10.710   0.553
10.710   0.583
10.710   0.629
10.711   0.435
10.711   0.492
10.711   0.768
10.711   0.567
10.712   0.566
10.712   0.743
10.712   0.510
10.713   0.638
10.714   0.425
10.714   0.691
10.714   0.773
10.715   0.592
10.715   0.560
10.715   0.671
10.717   0.708
10.717   0.648
10.717   0.490
10.717   0.457
10.718   0.413
10.718   0.600
10.719   0.432
10.719   0.936
10.719   0.652
10.720   0.475
10.721   0.758
10.721   0.556
10.721   0.479
10.722   0.755
10.723   0.464
10.723   0.560
10.723   0.495
10.724   0.671
10.725   0.583
10.725   0.728
10.725   0.750
10.725   0.718
10.727   0.722
10.728   0.454
10.728   0.395
10.729   0.689
10.730   0.480
10.730   0.448
10.730   0.569
10.730   0.661
10.730   0.725
10.731   0.695
10.731   0.717
10.731   0.776
10.731   0.537
10.732   0.348
10.732   0.757
10.732   0.713
10.733   0.672
10.733   0.515
10.733   0.575
10.734   0.461
10.734   0.678
10.734   0.611
10.734   0.630
10.734   0.726
10.734   0.540
10.735   0.571
10.737   0.583
10.738   0.686
10.738   0.843
10.739   0.693
10.740   0.761
10.740   0.637
10.740   0.745
10.741   0.672
10.742   0.709
10.744   0.738
10.744   0.326
10.744   0.615
10.744   0.505
10.745   0.613
10.745   0.642
10.745   0.661
10.746   0.503
10.746   0.606
10.748   0.853
10.748   0.688
10.750   0.620
10.750   0.435
10.750   0.740
10.750   0.612
10.752   0.757
10.753   0.459
10.753   0.741
10.755   0.424
10.755   0.480
10.756   0.550
10.756   0.415
10.756   0.484
10.757   0.513
10.759   0.747
10.759   0.610
10.759   0.482
10.759   0.576
10.759   0.558
10.760   0.415
10.761   0.558
10.761   0.581
10.761   0.524
10.761   0.464
10.762   0.403
10.763   0.857
10.764   0.645
10.764   0.782
10.764   0.526
10.765   0.492
10.765   0.506
10.766   0.841
10.768   0.766
10.768   0.507
10.769   0.667
10.770   0.522
10.771   0.741
10.773   0.462
10.773   0.595
10.773   0.560
10.774   0.523
10.774   0.519
10.774   0.501
10.774   0.718
10.774   0.818
10.774   0.583
10.775   0.859
10.775   0.764
10.775   0.646
10.776   0.432
10.777   0.723
10.777   0.531
10.778   0.471
10.778   0.503
10.778   0.627
10.778   0.585
10.779   0.710
10.779   0.622
10.780   0.434
10.780   0.559
10.780   0.318
10.780   0.513
10.780   0.602
10.780   0.549
10.781   0.540
10.781   0.636
10.782   0.719
10.784   0.627
10.785   0.750
10.787   0.534
10.787   0.711
10.788   0.421
10.788   0.508
10.788   0.486
10.789   0.741
10.789   0.557
10.789   0.548
10.789   0.545
10.790   0.699
10.790   0.842
10.791   0.613
10.791   0.584
10.793   0.611
10.793   0.644
10.794   0.571
10.795   0.721
10.795   0.528
10.796   0.403
10.796   0.807
10.796   0.543
10.796   0.711
10.797   0.551
10.798   0.476
10.798   0.833
10.801   0.381
10.801   0.564
10.801   0.647
10.802   0.764
10.803   0.765
10.803   0.532
10.805   0.673
10.805   0.920
10.806   0.479
10.807   0.614
10.808   0.568
10.809   0.789
10.810   0.710
10.810   0.434
10.811   0.708
10.811   0.644
10.813   0.741
10.813   0.605
10.814   0.764
10.816   0.635
10.816   0.651
10.817   0.690
10.818   0.487
10.818   0.720
10.818   0.597
10.818   0.647
10.819   0.598
10.819   0.609
10.821   0.715
10.821   0.611
10.822   0.633
10.822   0.755
10.822   0.528
10.822   0.635
10.822   0.519
10.823   0.464
10.823   0.603
10.823   0.850
10.824   0.578
10.825   0.541
10.825   0.561
10.826   0.770
10.826   0.797
10.826   0.470
10.826   0.543
10.828   0.840
10.828   0.599
10.828   0.593
10.828   0.759
10.828   0.669
10.829   0.420
10.829   0.572
10.830   0.646
10.830   0.482
10.831   0.358
10.832   0.541
10.833   0.701
10.833   0.484
10.833   0.713
10.833   0.570
10.833   0.676
10.834   0.687
10.834   0.731
10.834   0.473
10.834   0.298
10.835   0.608
10.835   0.533
10.835   0.572
10.837   0.634
10.838   0.557
10.840   0.313
10.841   0.563
10.841   0.499
10.842   0.671
10.843   0.704
10.843   0.701
10.845   0.689
10.845   0.675
10.846   0.646
10.846   0.764
10.847   0.773
10.847   0.610
10.848   0.468
10.848   0.463
10.849   0.710
10.849   0.790
10.849   0.668
10.849   0.676
10.850   0.511
10.851   0.401
10.851   0.834
10.852   0.732
10.852   0.445
10.853   0.558
10.853   0.514
10.853   0.606
10.854   0.693
10.854   0.472
10.855   0.630
10.856   0.790
10.856   0.583
10.857   0.736
10.857   0.931
10.857   0.614
10.858   0.489
10.859   0.684
10.860   0.603
10.860   0.571
10.861   0.654
10.862   0.430
10.862   0.725
10.862   0.632
10.862   0.416
10.863   0.770
10.863   0.648
10.863   0.731
10.864   0.578
10.865   0.571
10.866   0.306
10.866   0.549
10.867   0.570
10.869   0.756
10.870   0.721
10.871   0.528
10.871   0.588
10.872   0.641
10.872   0.657
10.873   0.662
10.873   0.776
10.873   0.445
10.874   0.799
10.876   0.738
10.876   0.641
10.876   0.531
10.876   0.461
10.878   0.732
10.879   0.666
10.879   0.691
10.881   0.551
10.881   0.660
10.881   0.603
10.882   0.790
10.883   0.650
10.884   0.772
10.884   0.681
10.886   0.591
10.886   0.729
10.886   0.771
10.888   0.503
10.888   0.620
10.889   0.611
10.889   0.458
10.890   0.588
10.892   0.619
10.893   0.701
10.894   0.873
10.894   0.408
10.896   0.541
10.897   0.763
10.898   0.525
10.898   0.849
10.898   0.710
10.899   0.662
10.899   0.532
10.900   0.503
10.900   0.514
10.901   0.572
10.901   0.680
10.902   0.589
10.902   0.509
10.902   0.441
10.903   0.476
10.903   0.629
10.903   0.734
10.904   0.689
10.905   0.532
10.905   0.670
10.907   0.800
10.907   0.550
10.908   0.372
10.909   0.545
10.909   0.668
10.910   0.588
10.912   0.533
10.913   0.757
10.914   0.423
10.916   0.677
10.917   0.698
10.917   0.721
10.917   0.673
10.918   0.696
10.918   0.656
10.919   0.869
10.919   0.669
10.922   0.524
10.923   0.620
10.927   0.721
10.927   0.527
10.928   0.591
10.928   0.586
10.929   0.383
10.929   0.449
10.930   0.563
10.931   0.591
10.931   0.609
10.933   0.721
10.933   0.807
10.933   0.869
10.936   0.725
10.938   0.812
10.939   0.687
10.939   0.592
10.939   0.467
10.939   0.640
10.940   0.735
10.940   0.728
10.941   0.695
10.943   0.718
10.944   0.479
10.944   0.503
10.945   0.585
10.946   0.619
10.947   0.801
10.947   0.579
10.947   0.613
10.948   0.794
10.948   0.457
10.948   0.781
10.949   0.738
10.950   0.543
10.952   0.624
10.952   0.627
10.953   0.560
10.953   0.704
10.954   0.555
10.955   0.609
10.955   0.781
10.956   0.657
10.957   0.711
10.958   0.566
10.958   0.573
10.959   0.259
10.959   0.497
10.960   0.590
10.960   0.542
10.961   0.547
10.962   0.822
10.962   0.549
10.963   0.455
10.965   0.819
10.966   0.476
10.966   0.742
10.966   0.665
10.967   0.793
10.968   0.902
10.969   0.838
10.970   0.758
10.971   0.465
10.971   0.789
10.971   0.640
10.971   0.696
10.972   0.793
10.972   0.547
10.973   0.685
10.974   0.771
10.975   0.614
10.975   0.693
10.976   0.599
10.976   0.659
10.980   0.408
10.982   0.601
10.983   0.729
10.984   0.636
10.985   0.815
10.985   0.720
10.989   0.577
10.990   0.464
10.990   0.558
10.992   0.502
10.994   0.611
10.999   0.658
11.001   0.638
11.002   0.684
11.003   0.644
11.003   0.540
11.005   0.420
11.007   0.666
11.010   0.711
11.011   0.715
11.013   0.722
11.015   0.803
11.015   0.714
11.017   0.675
11.017   0.680
11.018   0.753
11.018   0.716
11.019   0.756
11.020   0.752
11.021   0.597
11.022   0.652
11.025   0.779
11.026   0.604
11.028   0.589
11.029   0.550
11.029   0.647
11.032   0.629
11.039   0.559
11.042   0.864
11.046   0.466
11.046   0.512
11.048   0.564
11.050   0.696
11.051   0.691
11.054   0.830
11.055   0.885
11.057   0.779
11.057   0.878
11.060   0.689
11.061   0.650
11.066   0.807
11.073   0.620
11.081   0.657
11.083   0.437
11.089   0.727
11.090   0.753
11.092   0.537
11.096   0.871
11.101   0.657
11.101   0.775
11.112   0.813
11.127   0.421
11.132   0.613
11.134   0.715
11.140   0.611
11.145   0.702
11.146   0.728
11.151   0.665
11.156   0.657
11.157   0.876
11.167   0.488
11.169   0.697
11.175   0.732
11.182   0.753
11.183   0.863
11.189   0.567
11.202   0.659
11.204   0.539
11.220   0.824
11.233   0.651
11.237   0.652
11.242   0.730
11.245   0.480
11.278   0.756
11.800   0.545
