8.285 0.130424
8.503 0.2176856
8.686 0.2766888
8.755 0.2956351
8.826 0.3132734
8.911 0.3315759
9.005 0.3482844
9.065 0.3573127
9.134 0.3663908
9.17 0.3701406
9.214 0.3732598
9.277 0.3761083
9.299 0.376951
9.363 0.3799638
9.428 0.3820566
9.466 0.3822215
9.538 0.3825864
9.603 0.3854421
9.637 0.3876437
9.702 0.3907576
9.74 0.3928573
9.801 0.3984049
9.846 0.4054279
9.929 0.4239792
10.004 0.4448549
10.109 0.4796605
10.157 0.4974098
10.212 0.519252
10.273 0.5455291
10.362 0.5873814
10.437 0.6255253
10.485 0.6512906
10.578 0.7045392
10.696 0.77834
10.881 0.9078075
