8.285 -0.3492049
8.503 -0.2547239
8.686 -0.1934217
8.755 -0.1745283
8.826 -0.1574817
8.911 -0.1422922
9.005 -0.1318688
9.065 -0.1269528
9.134 -0.1213881
9.17 -0.1184676
9.214 -0.1152105
9.277 -0.1102257
9.299 -0.1081657
9.363 -0.1004514
9.428 -0.08669405
9.466 -0.07599343
9.538 -0.05483404
9.603 -0.03978977
9.637 -0.03469914
9.702 -0.02801547
9.74 -0.0248268
9.801 -0.01871989
9.846 -0.01197973
9.929 0.002350215
10.004 0.0160007
10.109 0.04124628
10.157 0.05686056
10.212 0.07741958
10.273 0.102117
10.362 0.141841
10.437 0.1788313
10.485 0.2042135
10.578 0.2571202
10.696 0.331329
10.881 0.4636134
